 0.0000000
 0.0000000
 0.0000000
 0.0000000
 0.0000000
 0.0000000
 0.0000000
 0.0000000
 0.0000000
 0.0000000
 0.0000000
 0.0000000
 0.0000000
 0.0000000
 0.0000000
 0.0000000
 0.0000000
 0.0000000
 0.0000000
 0.0000000
 0.0000000
 0.0000000
 0.0000000
 0.0000157
 0.0000157
 0.0000314
 0.0000314
 0.0000470
 0.0000470
 0.0000627
 0.0000627
 0.0000784
 0.0000784
 0.0000941
 0.0000941
 0.0001098
 0.0001098
 0.0001254
 0.0001254
 0.0002666
 0.0002666
 0.0002822
 0.0002822
 0.0003450
 0.0003450
 0.0004861
 0.0004861
 0.0005175
 0.0005175
 0.0036065
 0.0036065
 0.0264841
 0.0265155
 0.0294791
 0.0295105
 0.0328974
 0.0329288
 0.0398909
 0.0399222
 0.0413178
 0.0413491
 0.0490012
 0.0490325
 0.0561200
 0.0561514
 0.0632860
 0.0633173
 0.0634585
 0.0634898
 0.0692759
 0.0693072
 0.0709380
 0.0709694
 0.0727726
 0.0728040
 0.0758773
 0.0759087
 0.0779158
 0.0779471
 0.0841722
 0.0842036
 0.0872456
 0.0872769
 0.0895506
 0.0895820
 0.0958541
 0.0958855
 0.0974065
 0.0974378
 0.0999467
 0.0999780
 0.1008561
 0.1008875
 0.1017186
 0.1017499
 0.1056543
 0.1056857
 0.1057955
 0.1058268
 0.1065481
 0.1065795
 0.1077869
 0.1078182
 0.1103898
 0.1104212
 0.1182614
 0.1182927
 0.1196256
 0.1196569
 0.1210525
 0.1210838
 0.1211309
 0.1211622
 0.1217267
 0.1217581
 0.1244081
 0.1244394
 0.1250353
 0.1250666
 0.1255214
 0.1255527
 0.1265876
 0.1266190
 0.1273560
 0.1273873
 0.1278891
 0.1279205
 0.1306489
 0.1306802
 0.1320914
 0.1321228
 0.1364506
 0.1364820
 0.1380970
 0.1381284
 0.1432716
 0.1433029
 0.1443378
 0.1443692
 0.1444476
 0.1444789
 0.1457804
 0.1458118
 0.1462195
 0.1462508
 0.1474582
 0.1474896
 0.1486813
 0.1487126
 0.1495751
 0.1496064
 0.1497319
 0.1497632
 0.1504375
 0.1504688
 0.1555022
 0.1555336
 0.1569919
 0.1570232
 0.1595478
 0.1595791
 0.1607865
 0.1608179
 0.1612099
 0.1612413
 0.1620253
 0.1620566
 0.1623702
 0.1624016
 0.1626525
 0.1626839
 0.1665255
 0.1665569
 0.1666667
 0.1666980
 0.1676388
 0.1676702
 0.1681249
 0.1681563
 0.1682347
 0.1682661
 0.1689246
 0.1689560
 0.1696773
 0.1697087
 0.1725782
 0.1726095
 0.1732838
 0.1733151
 0.1757142
 0.1757456
 0.1769687
 0.1770000
 0.1785053
 0.1785367
 0.1794305
 0.1794618
 0.1806849
 0.1807163
 0.1807947
 0.1808260
 0.1812651
 0.1812965
 0.1815003
 0.1815317
 0.1819864
 0.1820178
 0.1855458
 0.1855772
 0.1859378
 0.1859692
 0.1861574
 0.1861887
 0.1876000
 0.1876313
 0.1897325
 0.1897639
 0.1902186
 0.1902499
 0.1910183
 0.1910496
 0.1916141
 0.1916455
 0.1918650
 0.1918964
 0.1920218
 0.1920532
 0.1929626
 0.1929940
 0.1934174
 0.1934487
 0.1936839
 0.1937153
 0.1937937
 0.1938251
 0.1945307
 0.1945620
 0.1955185
 0.1955499
 0.1977765
 0.1978079
 0.1988898
 0.1989212
 0.1994857
 0.1995484
 0.1999561
 0.1999875
 0.2014771
 0.2015085
 0.2027629
 0.2027942
 0.2031706
 0.2032019
 0.2052404
 0.2052717
 0.2061185
 0.2061498
 0.2071377
 0.2071691
 0.2080472
 0.2080785
 0.2088939
 0.2089253
 0.2092075
 0.2092389
 0.2098347
 0.2098661
 0.2116693
 0.2117007
 0.2119829
 0.2120143
 0.2134726
 0.2135039
 0.2143350
 0.2143977
 0.2159030
 0.2159344
 0.2161539
 0.2161853
 0.2167027
 0.2167341
 0.2207639
 0.2207953
 0.2219557
 0.2219870
 0.2248565
 0.2249192
 0.2251858
 0.2252172
 0.2255621
 0.2255935
 0.2266598
 0.2266911
 0.2310660
 0.2310973
 0.2317402
 0.2317716
 0.2328849
 0.2329162
 0.2334180
 0.2334494
 0.2338257
 0.2338571
 0.2363816
 0.2364130
 0.2373381
 0.2373695
 0.2376987
 0.2377301
 0.2381535
 0.2381848
 0.2387023
 0.2387337
 0.2388591
 0.2388905
 0.2391100
 0.2391413
 0.2410543
 0.2410857
 0.2427635
 0.2427949
 0.2428733
 0.2429046
 0.2432026
 0.2432339
 0.2434064
 0.2434378
 0.2440336
 0.2440650
 0.2452410
 0.2452724
 0.2455703
 0.2456017
 0.2465268
 0.2465582
 0.2488161
 0.2488475
 0.2491611
 0.2491925
 0.2500549
 0.2500862
 0.2506507
 0.2506821
 0.2515132
 0.2515445
 0.2517327
 0.2517797
 0.2519679
 0.2519992
 0.2524697
 0.2525010
 0.2525324
 0.2525637
 0.2531282
 0.2531596
 0.2543356
 0.2543670
 0.2557625
 0.2557939
 0.2577383
 0.2577696
 0.2587104
 0.2587418
 0.2602942
 0.2603255
 0.2612507
 0.2612820
 0.2625521
 0.2625835
 0.2626305
 0.2626619
 0.2629912
 0.2630225
 0.2638066
 0.2638379
 0.2651394
 0.2651708
 0.2683225
 0.2683539
 0.2690752
 0.2691065
 0.2693574
 0.2694045
 0.2695769
 0.2696083
 0.2707216
 0.2707530
 0.2723994
 0.2724308
 0.2727914
 0.2728228
 0.2734657
 0.2734970
 0.2742654
 0.2742967
 0.2767272
 0.2767586
 0.2768056
 0.2768370
 0.2786088
 0.2786402
 0.2789695
 0.2790008
 0.2795497
 0.2795810
 0.2808982
 0.2809609
 0.2811177
 0.2811491
 0.2835638
 0.2835952
 0.2851946
 0.2852260
 0.2853200
 0.2853514
 0.2857277
 0.2857591
 0.2865117
 0.2865431
 0.2868097
 0.2868410
 0.2893185
 0.2893499
 0.2894440
 0.2894753
 0.2895381
 0.2895694
 0.2898360
 0.2898673
 0.2927055
 0.2927369
 0.2930191
 0.2930505
 0.2935679
 0.2935993
 0.2947126
 0.2947439
 0.2960768
 0.2961081
 0.2962179
 0.2962493
 0.2966099
 0.2966413
 0.2977232
 0.2977546
 0.2981936
 0.2982250
 0.2998557
 0.2998871
 0.3003889
 0.3004202
 0.3014551
 0.3014865
 0.3025214
 0.3025528
 0.3063945
 0.3064258
 0.3076489
 0.3076802
 0.3081820
 0.3082134
 0.3083231
 0.3083545
 0.3089504
 0.3089817
 0.3142503
 0.3142817
 0.3144698
 0.3145012
 0.3147521
 0.3147835
 0.3153009
 0.3153323
 0.3154734
 0.3155048
 0.3160536
 0.3160849
 0.3161633
 0.3161947
 0.3181704
 0.3182018
 0.3186095
 0.3186408
 0.3195503
 0.3195816
 0.3197541
 0.3197855
 0.3199266
 0.3199580
 0.3200207
 0.3200521
 0.3206479
 0.3206793
 0.3215731
 0.3216044
 0.3219651
 0.3219964
 0.3228275
 0.3228588
 0.3237213
 0.3237526
 0.3245366
 0.3245680
 0.3250071
 0.3250384
 0.3261831
 0.3262301
 0.3267946
 0.3268260
 0.3269828
 0.3270141
 0.3275943
 0.3276257
 0.3276727
 0.3277041
 0.3281275
 0.3281588
 0.3285195
 0.3285508
 0.3293035
 0.3293348
 0.3293662
 0.3293976
 0.3298209
 0.3298523
 0.3309970
 0.3310283
 0.3312165
 0.3312478
 0.3314046
 0.3314360
 0.3315771
 0.3316085
 0.3321730
 0.3322043
 0.3323768
 0.3324396
 0.3345721
 0.3346034
 0.3352620
 0.3352934
 0.3368928
 0.3369241
 0.3374730
 0.3375043
 0.3375827
 0.3376141
 0.3404365
 0.3404679
 0.3411892
 0.3412206
 0.3416753
 0.3417067
 0.3421614
 0.3421927
 0.3425534
 0.3425848
 0.3437608
 0.3437921
 0.3452504
 0.3452818
 0.3453288
 0.3453602
 0.3467714
 0.3468028
 0.3468655
 0.3468969
 0.3476809
 0.3477122
 0.3525888
 0.3526202
 0.3535767
 0.3536081
 0.3537805
 0.3538119
 0.3539217
 0.3539530
 0.3541255
 0.3541569
 0.3542980
 0.3543294
 0.3547841
 0.3548154
 0.3549409
 0.3549722
 0.3554897
 0.3555211
 0.3572773
 0.3573086
 0.3580142
 0.3580456
 0.3581397
 0.3581710
 0.3596293
 0.3596607
 0.3608681
 0.3608994
 0.3611974
 0.3612287
 0.3616678
 0.3616991
 0.3623263
 0.3623577
 0.3637062
 0.3637376
 0.3639885
 0.3640198
 0.3642393
 0.3642707
 0.3651018
 0.3651331
 0.3685828
 0.3686142
 0.3687867
 0.3688180
 0.3701508
 0.3701822
 0.3709192
 0.3709505
 0.3712642
 0.3712955
 0.3719854
 0.3720168
 0.3726283
 0.3726597
 0.3727851
 0.3728165
 0.3738201
 0.3738514
 0.3738985
 0.3739298
 0.3747452
 0.3747766
 0.3748706
 0.3749020
 0.3758271
 0.3758585
 0.3759526
 0.3759839
 0.3759996
 0.3760310
 0.3781165
 0.3781478
 0.3794807
 0.3795120
 0.3799197
 0.3799511
 0.3803431
 0.3803744
 0.3808919
 0.3809233
 0.3811585
 0.3811898
 0.3820993
 0.3821306
 0.3830872
 0.3831185
 0.3841377
 0.3841691
 0.3843573
 0.3843886
 0.3857058
 0.3857371
 0.3863643
 0.3863957
 0.3866936
 0.3867250
 0.3869759
 0.3870072
 0.3871327
 0.3871640
 0.3882303
 0.3882617
 0.3898768
 0.3899081
 0.3899552
 0.3899865
 0.3922915
 0.3923543
 0.3930285
 0.3930599
 0.3931853
 0.3932167
 0.3935773
 0.3936087
 0.3937968
 0.3938439
 0.3944868
 0.3945181
 0.3954903
 0.3955217
 0.3955374
 0.3955687
 0.3958667
 0.3958980
 0.3959294
 0.3959607
 0.3960391
 0.3960705
 0.3970897
 0.3971211
 0.3974347
 0.3974661
 0.4019977
 0.4020290
 0.4023113
 0.4023426
 0.4027660
 0.4027974
 0.4033305
 0.4033619
 0.4034873
 0.4035187
 0.4036598
 0.4036912
 0.4045849
 0.4046163
 0.4052435
 0.4052749
 0.4071879
 0.4072192
 0.4074388
 0.4075015
 0.4080346
 0.4080660
 0.4093047
 0.4093361
 0.4097595
 0.4097908
 0.4099476
 0.4099790
 0.4099947
 0.4100260
 0.4101828
 0.4102142
 0.4103083
 0.4103396
 0.4104808
 0.4105121
 0.4110453
 0.4110766
 0.4136952
 0.4137266
 0.4139461
 0.4139775
 0.4157964
 0.4158278
 0.4158905
 0.4159218
 0.4167843
 0.4168156
 0.4174272
 0.4174585
 0.4187443
 0.4187757
 0.4189795
 0.4190109
 0.4212218
 0.4212532
 0.4219745
 0.4220058
 0.4222881
 0.4223508
 0.4233073
 0.4233387
 0.4240600
 0.4241227
 0.4251419
 0.4251733
 0.4254712
 0.4255026
 0.4258318
 0.4258632
 0.4269608
 0.4269922
 0.4277292
 0.4277605
 0.4281525
 0.4281839
 0.4299715
 0.4300028
 0.4303321
 0.4303635
 0.4313827
 0.4314141
 0.4325587
 0.4325901
 0.4326371
 0.4326685
 0.4327312
 0.4327626
 0.4332173
 0.4332487
 0.4332643
 0.4332957
 0.4345658
 0.4345972
 0.4350676
 0.4350989
 0.4355850
 0.4356164
 0.4357575
 0.4357889
 0.4359614
 0.4359927
 0.4361338
 0.4361652
 0.4365415
 0.4365729
 0.4368865
 0.4369179
 0.4369963
 0.4370276
 0.4370590
 0.4370904
 0.4380939
 0.4381253
 0.4396619
 0.4396933
 0.4397090
 0.4397403
 0.4401010
 0.4401323
 0.4407596
 0.4407909
 0.4408223
 0.4408536
 0.4415436
 0.4415749
 0.4418885
 0.4419199
 0.4440838
 0.4441152
 0.4443033
 0.4443347
 0.4457146
 0.4457459
 0.4475492
 0.4475805
 0.4480509
 0.4480823
 0.4487565
 0.4487879
 0.4515163
 0.4515477
 0.4515790
 0.4516104
 0.4536331
 0.4536645
 0.4537586
 0.4537899
 0.4547935
 0.4548249
 0.4576944
 0.4577257
 0.4585411
 0.4585725
 0.4622417
 0.4622730
 0.4624455
 0.4624769
 0.4633393
 0.4633707
 0.4634491
 0.4634804
 0.4647819
 0.4648132
 0.4652680
 0.4652993
 0.4654405
 0.4654718
 0.4656129
 0.4656443
 0.4657384
 0.4657697
 0.4667263
 0.4667576
 0.4680904
 0.4681218
 0.4681532
 0.4681845
 0.4682472
 0.4682786
 0.4700348
 0.4700662
 0.4704582
 0.4704895
 0.4714774
 0.4715088
 0.4716185
 0.4716499
 0.4717126
 0.4717440
 0.4728573
 0.4728886
 0.4738608
 0.4738922
 0.4760718
 0.4761031
 0.4766676
 0.4766990
 0.4779220
 0.4779534
 0.4785649
 0.4785963
 0.4786120
 0.4786433
 0.4798664
 0.4798978
 0.4799291
 0.4799605
 0.4801486
 0.4801800
 0.4803211
 0.4803525
 0.4804152
 0.4804466
 0.4820930
 0.4821244
 0.4824066
 0.4824380
 0.4833788
 0.4834102
 0.4855897
 0.4856211
 0.4856368
 0.4856681
 0.4862013
 0.4862326
 0.4873930
 0.4874243
 0.4875341
 0.4875655
 0.4876439
 0.4876752
 0.4879261
 0.4879575
 0.4885220
 0.4885533
 0.4893687
 0.4894001
 0.4896666
 0.4896980
 0.4921912
 0.4922225
 0.4934456
 0.4935083
 0.4942453
 0.4942767
 0.4943080
 0.4943394
 0.4944805
 0.4945119
 0.4956879
 0.4957506
 0.4960642
 0.4960956
 0.4967698
 0.4968012
 0.4972873
 0.4973187
 0.4988710
 0.4989024
 0.4998746
 0.4999059
 0.5012231
 0.5012544
 0.5026029
 0.5026343
 0.5028068
 0.5028538
 0.5031831
 0.5032145
 0.5045159
 0.5045473
 0.5055822
 0.5056136
 0.5073227
 0.5073541
 0.5076363
 0.5076677
 0.5097532
 0.5097846
 0.5101609
 0.5101922
 0.5114153
 0.5114467
 0.5117916
 0.5118230
 0.5120739
 0.5121052
 0.5121836
 0.5122150
 0.5123875
 0.5124189
 0.5127011
 0.5127325
 0.5131558
 0.5131872
 0.5141907
 0.5142221
 0.5151316
 0.5151629
 0.5171230
 0.5171543
 0.5180481
 0.5180795
 0.5182833
 0.5183147
 0.5185499
 0.5185812
 0.5192085
 0.5192398
 0.5199141
 0.5199454
 0.5208235
 0.5208549
 0.5214507
 0.5214821
 0.5218428
 0.5218741
 0.5223445
 0.5223759
 0.5227836
 0.5228149
 0.5228463
 0.5228777
 0.5249632
 0.5249945
 0.5250729
 0.5251043
 0.5261392
 0.5261705
 0.5266096
 0.5266410
 0.5289773
 0.5290087
 0.5291655
 0.5291969
 0.5296045
 0.5296359
 0.5304042
 0.5304356
 0.5307649
 0.5307962
 0.5308433
 0.5308747
 0.5331953
 0.5332267
 0.5334149
 0.5334462
 0.5335717
 0.5336030
 0.5337128
 0.5337442
 0.5341205
 0.5341518
 0.5341989
 0.5342303
 0.5351711
 0.5352181
 0.5355788
 0.5356101
 0.5374290
 0.5374604
 0.5381660
 0.5381974
 0.5382758
 0.5383071
 0.5394048
 0.5394361
 0.5399849
 0.5400163
 0.5404397
 0.5404710
 0.5411610
 0.5411923
 0.5431994
 0.5432308
 0.5435287
 0.5435601
 0.5449086
 0.5449399
 0.5454417
 0.5454731
 0.5454888
 0.5455201
 0.5459278
 0.5459592
 0.5467902
 0.5468216
 0.5472763
 0.5473077
 0.5480917
 0.5481231
 0.5484994
 0.5485307
 0.5486719
 0.5487032
 0.5491893
 0.5492207
 0.5497538
 0.5497852
 0.5506633
 0.5506946
 0.5517295
 0.5517609
 0.5550381
 0.5550695
 0.5557908
 0.5558221
 0.5571236
 0.5571550
 0.5573274
 0.5573588
 0.5577822
 0.5578135
 0.5585348
 0.5585662
 0.5588014
 0.5588328
 0.5592875
 0.5593188
 0.5595854
 0.5596168
 0.5606360
 0.5606674
 0.5607301
 0.5607614
 0.5614984
 0.5615298
 0.5619375
 0.5619688
 0.5624392
 0.5624706
 0.5629724
 0.5630037
 0.5638818
 0.5639132
 0.5642582
 0.5642895
 0.5647913
 0.5648227
 0.5649167
 0.5649795
 0.5652931
 0.5653244
 0.5667043
 0.5667357
 0.5668925
 0.5669238
 0.5679274
 0.5679587
 0.5687741
 0.5688055
 0.5700442
 0.5700756
 0.5711105
 0.5711418
 0.5721140
 0.5721454
 0.5726158
 0.5726472
 0.5733057
 0.5733371
 0.5735566
 0.5735880
 0.5751874
 0.5752187
 0.5755323
 0.5755637
 0.5772258
 0.5772572
 0.5786371
 0.5786684
 0.5790291
 0.5790604
 0.5791859
 0.5792172
 0.5792956
 0.5793270
 0.5799072
 0.5799385
 0.5803305
 0.5803619
 0.5805814
 0.5806128
 0.5812086
 0.5812400
 0.5813341
 0.5813654
 0.5830746
 0.5831060
 0.5835921
 0.5836234
 0.5839213
 0.5839527
 0.5843918
 0.5844231
 0.5846897
 0.5847210
 0.5861009
 0.5861323
 0.5861636
 0.5861950
 0.5883432
 0.5883746
 0.5889391
 0.5889704
 0.5894408
 0.5894722
 0.5896917
 0.5897231
 0.5899740
 0.5900053
 0.5900994
 0.5901308
 0.5908050
 0.5908364
 0.5915734
 0.5916047
 0.5926396
 0.5926710
 0.5939725
 0.5940038
 0.5950231
 0.5950544
 0.5954307
 0.5954621
 0.5956503
 0.5956816
 0.5964500
 0.5964813
 0.5973124
 0.5973437
 0.5985041
 0.5985355
 0.5989902
 0.5990215
 0.5997899
 0.5998212
 0.6010130
 0.6010443
 0.6015931
 0.6016245
 0.6024085
 0.6024399
 0.6025183
 0.6025496
 0.6029573
 0.6029887
 0.6040706
 0.6041020
 0.6051996
 0.6052310
 0.6057955
 0.6058268
 0.6062816
 0.6063286
 0.6080848
 0.6081162
 0.6083670
 0.6083984
 0.6084611
 0.6084925
 0.6092451
 0.6092765
 0.6093235
 0.6093549
 0.6106877
 0.6107191
 0.6108445
 0.6108759
 0.6111111
 0.6111425
 0.6143099
 0.6143413
 0.6153135
 0.6153448
 0.6169128
 0.6169442
 0.6171324
 0.6171637
 0.6173205
 0.6173519
 0.6175557
 0.6175871
 0.6184338
 0.6184652
 0.6190297
 0.6190611
 0.6203468
 0.6203939
 0.6214758
 0.6215072
 0.6217267
 0.6217581
 0.6242983
 0.6243297
 0.6248628
 0.6248942
 0.6267444
 0.6267758
 0.6278264
 0.6278577
 0.6284850
 0.6285163
 0.6289083
 0.6289397
 0.6290808
 0.6291122
 0.6295983
 0.6296296
 0.6298962
 0.6299276
 0.6303980
 0.6304293
 0.6308057
 0.6308370
 0.6309938
 0.6310252
 0.6326716
 0.6327030
 0.6332832
 0.6333145
 0.6336908
 0.6337222
 0.6359645
 0.6359959
 0.6377991
 0.6378461
 0.6384577
 0.6384890
 0.6388497
 0.6388810
 0.6395553
 0.6395867
 0.6400571
 0.6400884
 0.6430050
 0.6430363
 0.6438988
 0.6439301
 0.6441183
 0.6441497
 0.6443692
 0.6444005
 0.6484931
 0.6485245
 0.6490733
 0.6491047
 0.6492144
 0.6492458
 0.6496378
 0.6496691
 0.6499043
 0.6499357
 0.6501082
 0.6501396
 0.6512372
 0.6512685
 0.6536833
 0.6537147
 0.6541851
 0.6542165
 0.6553298
 0.6553611
 0.6554238
 0.6554552
 0.6568194
 0.6568508
 0.6579641
 0.6579954
 0.6589519
 0.6589833
 0.6595948
 0.6596262
 0.6597203
 0.6597516
 0.6629504
 0.6629975
 0.6632797
 0.6633111
 0.6640010
 0.6640480
 0.6643930
 0.6644244
 0.6660708
 0.6661022
 0.6664001
 0.6664315
 0.6666353
 0.6666667
 0.6670116
 0.6670430
 0.6673566
 0.6673880
 0.6674036
 0.6674350
 0.6676702
 0.6677016
 0.6677173
 0.6677486
 0.6682504
 0.6682817
 0.6687835
 0.6688149
 0.6688306
 0.6688619
 0.6694264
 0.6694578
 0.6703045
 0.6703359
 0.6705240
 0.6705554
 0.6709317
 0.6709631
 0.6717628
 0.6717941
 0.6724370
 0.6724684
 0.6762631
 0.6762944
 0.6769059
 0.6769373
 0.6777997
 0.6778311
 0.6792737
 0.6793050
 0.6798852
 0.6799166
 0.6804184
 0.6804497
 0.6819550
 0.6819864
 0.6820178
 0.6820491
 0.6825195
 0.6825509
 0.6830370
 0.6830683
 0.6836642
 0.6836955
 0.6843698
 0.6844012
 0.6844639
 0.6844952
 0.6854674
 0.6854988
 0.6867846
 0.6868159
 0.6868316
 0.6868630
 0.6869414
 0.6869727
 0.6874432
 0.6874745
 0.6889798
 0.6890112
 0.6896541
 0.6896855
 0.6897795
 0.6898109
 0.6904067
 0.6904381
 0.6905165
 0.6905479
 0.6911280
 0.6911594
 0.6915828
 0.6916769
 0.6921159
 0.6921473
 0.6928372
 0.6928686
 0.6938251
 0.6938878
 0.6949697
 0.6950011
 0.6958008
 0.6958322
 0.6963182
 0.6963496
 0.6967573
 0.6967887
 0.6981999
 0.6982313
 0.6982469
 0.6982783
 0.6985135
 0.6985449
 0.6992975
 0.6993289
 0.6993446
 0.6993759
 0.7005676
 0.7005990
 0.7007872
 0.7008185
 0.7018221
 0.7018534
 0.7052404
 0.7052717
 0.7062439
 0.7062753
 0.7066359
 0.7066830
 0.7077963
 0.7078276
 0.7083451
 0.7083765
 0.7106658
 0.7106971
 0.7134255
 0.7134569
 0.7144134
 0.7144448
 0.7145702
 0.7146016
 0.7151347
 0.7151661
 0.7153542
 0.7153856
 0.7159971
 0.7160285
 0.7162323
 0.7162637
 0.7162950
 0.7163264
 0.7164518
 0.7164832
 0.7169536
 0.7169850
 0.7170007
 0.7170320
 0.7172515
 0.7172829
 0.7182237
 0.7182551
 0.7202465
 0.7202779
 0.7221595
 0.7221909
 0.7222379
 0.7222693
 0.7230690
 0.7231003
 0.7260482
 0.7260796
 0.7266284
 0.7266598
 0.7294509
 0.7294822
 0.7299213
 0.7299526
 0.7309875
 0.7310189
 0.7328065
 0.7328378
 0.7334650
 0.7334964
 0.7345313
 0.7345627
 0.7359896
 0.7360209
 0.7363346
 0.7363659
 0.7395177
 0.7395490
 0.7397215
 0.7397529
 0.7401919
 0.7402233
 0.7406467
 0.7406780
 0.7411014
 0.7411328
 0.7420265
 0.7420579
 0.7446452
 0.7446765
 0.7456644
 0.7456957
 0.7485339
 0.7485652
 0.7500078
 0.7500392
 0.7509643
 0.7509957
 0.7512466
 0.7512780
 0.7518424
 0.7518738
 0.7527205
 0.7527519
 0.7534105
 0.7534418
 0.7554489
 0.7554803
 0.7568758
 0.7569072
 0.7583812
 0.7584125
 0.7594161
 0.7594474
 0.7596513
 0.7596826
 0.7600276
 0.7600590
 0.7604823
 0.7605137
 0.7606548
 0.7606862
 0.7609057
 0.7609684
 0.7615172
 0.7615486
 0.7626619
 0.7626933
 0.7635243
 0.7635557
 0.7644651
 0.7644965
 0.7654060
 0.7654373
 0.7656882
 0.7657196
 0.7661116
 0.7661429
 0.7674758
 0.7675071
 0.7679305
 0.7679619
 0.7685420
 0.7685734
 0.7688086
 0.7688713
 0.7696397
 0.7696710
 0.7697965
 0.7698278
 0.7726660
 0.7726973
 0.7734186
 0.7734500
 0.7747044
 0.7747358
 0.7749396
 0.7749710
 0.7759745
 0.7760059
 0.7760686
 0.7761000
 0.7764449
 0.7764763
 0.7770408
 0.7770722
 0.7779816
 0.7780130
 0.7799573
 0.7799887
 0.7803807
 0.7804121
 0.7819801
 0.7820115
 0.7828269
 0.7828582
 0.7837834
 0.7838147
 0.7863236
 0.7863549
 0.7887384
 0.7887697
 0.7891147
 0.7891460
 0.7923919
 0.7924232
 0.7948851
 0.7949164
 0.7971117
 0.7971430
 0.7973155
 0.7973469
 0.7978643
 0.7978957
 0.7998871
 0.7999185
 0.8008436
 0.8008750
 0.8015963
 0.8016433
 0.8018628
 0.8018942
 0.8020510
 0.8020824
 0.8022705
 0.8023019
 0.8033995
 0.8034309
 0.8049832
 0.8050146
 0.8061436
 0.8061749
 0.8065199
 0.8065513
 0.8083075
 0.8083388
 0.8087152
 0.8087465
 0.8088876
 0.8089190
 0.8090915
 0.8091228
 0.8095619
 0.8095933
 0.8131057
 0.8131370
 0.8133879
 0.8134193
 0.8149559
 0.8149873
 0.8154420
 0.8154734
 0.8165553
 0.8165867
 0.8167749
 0.8168062
 0.8176530
 0.8176843
 0.8224041
 0.8224355
 0.8225296
 0.8225609
 0.8229529
 0.8229843
 0.8263399
 0.8263712
 0.8267319
 0.8267633
 0.8284254
 0.8284567
 0.8297112
 0.8297425
 0.8297896
 0.8298209
 0.8300561
 0.8301189
 0.8326591
 0.8326904
 0.8330354
 0.8330668
 0.8333490
 0.8333804
 0.8339135
 0.8339449
 0.8353561
 0.8353875
 0.8355129
 0.8355443
 0.8361558
 0.8361872
 0.8367517
 0.8367830
 0.8405777
 0.8406090
 0.8408129
 0.8408442
 0.8412676
 0.8412990
 0.8423966
 0.8424279
 0.8441371
 0.8441685
 0.8456111
 0.8456424
 0.8460188
 0.8460501
 0.8480258
 0.8480572
 0.8482454
 0.8482767
 0.8489510
 0.8489823
 0.8494528
 0.8494841
 0.8512560
 0.8512874
 0.8530122
 0.8530436
 0.8531376
 0.8531690
 0.8539373
 0.8539687
 0.8540628
 0.8540941
 0.8544705
 0.8545018
 0.8554897
 0.8555211
 0.8577477
 0.8577790
 0.8590805
 0.8591119
 0.8614169
 0.8614482
 0.8632201
 0.8632515
 0.8637533
 0.8637846
 0.8651958
 0.8652272
 0.8662308
 0.8662621
 0.8663248
 0.8663562
 0.8678929
 0.8679242
 0.8700097
 0.8700411
 0.8737103
 0.8737417
 0.8752470
 0.8752783
 0.8754508
 0.8754822
 0.8766582
 0.8766896
 0.8773011
 0.8773638
 0.8779283
 0.8779597
 0.8821620
 0.8821934
 0.8836516
 0.8836830
 0.8855490
 0.8855803
 0.8882303
 0.8882617
 0.8898454
 0.8898768
 0.8912723
 0.8913037
 0.8961489
 0.8961803
 0.8962743
 0.8963057
 0.8991439
 0.8991752
 0.9065763
 0.9066077
 0.9093047
 0.9093361
 0.9096967
 0.9097281
 0.9122213
 0.9122526
 0.9130994
 0.9131307
 0.9134444
 0.9134757
 0.9145890
 0.9146204
 0.9155142
 0.9155455
 0.9158121
 0.9158434
 0.9166275
 0.9166588
 0.9180387
 0.9180701
 0.9181641
 0.9181955
 0.9207671
 0.9207984
 0.9209082
 0.9209709
 0.9260984
 0.9261298
 0.9269138
 0.9269452
 0.9275410
 0.9275724
 0.9287798
 0.9288111
 0.9300342
 0.9300655
 0.9314768
 0.9315081
 0.9446012
 0.9446326
 0.9505598
 0.9505911
 0.9506225
 0.9506539
 0.9533195
 0.9533509
 0.9563145
 0.9563458
 0.9582275
 0.9582589
 0.9648916
 0.9649230
 0.9658011
 0.9658325
 0.9679023
 0.9679336
 0.9737511
 0.9737824
 0.9756327
 0.9756641
 0.9761502
 0.9761815
 0.9762129
 0.9762442
 0.9787217
 0.9787845
 0.9929752
 0.9930066
 1.0000000
