 0.0000000
 0.0000000
 0.0000000
 0.0000000
 0.0000000
 0.0000000
 0.0000000
 0.0000000
 0.0000000
 0.0000000
 0.0000000
 0.0000000
 0.0000000
 0.0000000
 0.0000000
 0.0000000
 0.0000000
 0.0000000
 0.0000000
 0.0000000
 0.0000000
 0.0000000
 0.0975533
 0.0975533
 0.1319059
 0.1323455
 0.4384550
 0.4401746
 0.5233145
 0.5357724
 0.5495060
 0.5533875
 0.6114961
 0.6155033
 0.6191466
 0.6228180
 0.6502629
 0.6511849
 0.6568459
 0.7209847
 0.7369259
 0.7494542
 0.7514150
 0.7555441
 0.7570199
 0.7926238
 0.7926238
 0.7946780
 0.8009038
 0.9088152
 0.9090642
 0.9742574
 0.9742574
 0.9770726
 0.9770726
 0.9785644
 0.9785644
 0.9813671
 0.9813671
 0.9823008
 0.9823008
 0.9853011
 0.9853011
 0.9872993
 0.9872993
 0.9883660
 0.9883660
 0.9883660
 0.9883660
 0.9893324
 0.9893324
 0.9894880
 0.9894880
 0.9899160
 0.9899160
 0.9903128
 0.9903128
 0.9903128
 0.9903128
 0.9906396
 0.9906396
 0.9912621
 0.9912621
 0.9916239
 0.9916239
 0.9920674
 0.9920674
 0.9923008
 0.9923008
 0.9923008
 0.9923008
 0.9924876
 0.9924876
 0.9924876
 0.9924876
 0.9929544
 0.9929544
 0.9929544
 0.9929544
 0.9930711
 0.9930711
 0.9933746
 0.9933746
 0.9938648
 0.9938648
 0.9943472
 0.9943472
 0.9943472
 0.9943472
 0.9943472
 0.9943472
 0.9943472
 0.9943472
 0.9943472
 0.9943472
 0.9946506
 0.9946506
 0.9946506
 0.9946506
 0.9946506
 0.9946506
 0.9946506
 0.9946506
 0.9946506
 0.9946506
 0.9946506
 0.9946506
 0.9946506
 0.9946506
 0.9948607
 0.9948607
 0.9951875
 0.9951875
 0.9951875
 0.9951875
 0.9957244
 0.9957244
 0.9958178
 0.9958178
 0.9958178
 0.9958178
 0.9959345
 0.9959345
 0.9959345
 0.9959345
 0.9961679
 0.9961679
 0.9961679
 0.9961679
 0.9961679
 0.9961679
 0.9961679
 0.9961679
 0.9962613
 0.9962613
 0.9962613
 0.9962613
 0.9962613
 0.9962613
 0.9964830
 0.9964830
 0.9964830
 0.9964830
 0.9964830
 0.9964830
 0.9964830
 0.9964830
 0.9964830
 0.9964830
 0.9964830
 0.9964830
 0.9965764
 0.9965764
 0.9965764
 0.9965764
 0.9968098
 0.9968098
 0.9968098
 0.9968098
 0.9968098
 0.9968098
 0.9968098
 0.9968098
 0.9968098
 0.9968098
 0.9969032
 0.9969032
 0.9969032
 0.9969032
 0.9969032
 0.9969032
 0.9970588
 0.9970588
 0.9970588
 0.9970588
 0.9972923
 0.9972923
 0.9972923
 0.9972923
 0.9972923
 0.9972923
 0.9972923
 0.9972923
 0.9972923
 0.9972923
 0.9972923
 0.9972923
 0.9973856
 0.9973856
 0.9973856
 0.9973856
 0.9973856
 0.9973856
 0.9975412
 0.9975412
 0.9975412
 0.9975412
 0.9975412
 0.9975412
 0.9975412
 0.9975412
 0.9976035
 0.9976035
 0.9976035
 0.9976035
 0.9976035
 0.9976035
 0.9978369
 0.9978369
 0.9978369
 0.9978369
 0.9978369
 0.9978369
 0.9978369
 0.9978369
 0.9978369
 0.9978369
 0.9978369
 0.9978369
 0.9979303
 0.9979303
 0.9979303
 0.9979303
 0.9979303
 0.9979303
 0.9979303
 0.9979303
 0.9981637
 0.9981637
 0.9981637
 0.9981637
 0.9981637
 0.9981637
 0.9981637
 0.9981637
 0.9981637
 0.9981637
 0.9981637
 0.9981637
 0.9981637
 0.9981637
 0.9981637
 0.9981637
 0.9981637
 0.9981637
 0.9981637
 0.9981637
 0.9981637
 0.9981637
 0.9981637
 0.9981637
 0.9981637
 0.9981637
 0.9981637
 0.9981637
 0.9982571
 0.9982571
 0.9982571
 0.9982571
 0.9982571
 0.9982571
 0.9982571
 0.9982571
 0.9982571
 0.9982571
 0.9982571
 0.9982571
 0.9982571
 0.9982571
 0.9982571
 0.9982571
 0.9983505
 0.9983505
 0.9983505
 0.9983505
 0.9983505
 0.9983505
 0.9983505
 0.9983505
 0.9984438
 0.9984438
 0.9984438
 0.9984438
 0.9985372
 0.9985372
 0.9985372
 0.9985372
 0.9985372
 0.9985372
 0.9985372
 0.9985372
 0.9985372
 0.9985372
 0.9985372
 0.9985372
 0.9985372
 0.9985372
 0.9985372
 0.9985372
 0.9985372
 0.9985372
 0.9985372
 0.9985372
 0.9985372
 0.9985372
 0.9985372
 0.9985372
 0.9985372
 0.9985372
 0.9987706
 0.9987706
 0.9987706
 0.9987706
 0.9987706
 0.9987706
 0.9987706
 0.9987706
 0.9987706
 0.9987706
 0.9987706
 0.9987706
 0.9987706
 0.9987706
 0.9989262
 0.9989262
 0.9989262
 0.9989262
 0.9989262
 0.9989262
 0.9989262
 0.9989262
 0.9989262
 0.9989262
 0.9989262
 0.9989262
 0.9989262
 0.9989262
 0.9990196
 0.9990196
 0.9990196
 0.9990196
 0.9990196
 0.9990196
 0.9990196
 0.9990196
 0.9990196
 0.9990196
 0.9990196
 0.9990196
 0.9990196
 0.9990196
 0.9990196
 0.9990196
 0.9990196
 0.9990196
 0.9990196
 0.9990196
 0.9990196
 0.9990196
 0.9990196
 0.9990196
 0.9990196
 0.9990196
 0.9990196
 0.9990196
 0.9990196
 0.9990196
 0.9990196
 0.9990196
 0.9990196
 0.9990196
 0.9990196
 0.9990196
 0.9990196
 0.9990196
 0.9990196
 0.9990196
 0.9990196
 0.9990196
 0.9990196
 0.9990196
 0.9990196
 0.9990196
 0.9990196
 0.9990196
 0.9990196
 0.9990196
 0.9990196
 0.9990196
 0.9990196
 0.9990196
 0.9990196
 0.9990196
 0.9990196
 0.9990196
 0.9990196
 0.9990196
 0.9990196
 0.9990196
 0.9991130
 0.9991130
 0.9991130
 0.9991130
 0.9991130
 0.9991130
 0.9991130
 0.9991130
 0.9991130
 0.9991130
 0.9991130
 0.9991130
 0.9991130
 0.9991130
 0.9991130
 0.9991130
 0.9992686
 0.9992686
 0.9992686
 0.9992686
 0.9992686
 0.9992686
 0.9992686
 0.9992686
 0.9992686
 0.9992686
 0.9992686
 0.9992686
 0.9992686
 0.9992686
 0.9992686
 0.9992686
 0.9992686
 0.9992686
 0.9992686
 0.9992686
 0.9992686
 0.9992686
 0.9992686
 0.9992686
 0.9992686
 0.9992686
 0.9992686
 0.9992686
 0.9992686
 0.9992686
 0.9992686
 0.9992686
 0.9992686
 0.9992686
 0.9992686
 0.9992686
 0.9992686
 0.9992686
 0.9992686
 0.9992686
 0.9992686
 0.9992686
 0.9992686
 0.9992686
 0.9992686
 0.9992686
 0.9992686
 0.9992686
 0.9992686
 0.9992686
 0.9992686
 0.9992686
 0.9992686
 0.9992686
 0.9992686
 0.9992686
 0.9992686
 0.9992686
 0.9992686
 0.9992686
 0.9992686
 0.9992686
 0.9992686
 0.9992686
 0.9992686
 0.9992686
 0.9992686
 0.9992686
 0.9992686
 0.9992686
 0.9992686
 0.9992686
 0.9992686
 0.9992686
 0.9992686
 0.9992686
 0.9992686
 0.9992686
 0.9992686
 0.9992686
 0.9992686
 0.9992686
 0.9992686
 0.9992686
 0.9992686
 0.9992686
 0.9992686
 0.9992686
 0.9992686
 0.9992686
 0.9992686
 0.9992686
 0.9992686
 0.9992686
 0.9992686
 0.9992686
 0.9992686
 0.9992686
 0.9992686
 0.9992686
 0.9992686
 0.9992686
 0.9992686
 0.9992686
 0.9992686
 0.9992686
 0.9992686
 0.9992686
 0.9992686
 0.9992686
 0.9992686
 0.9992686
 0.9992686
 0.9992686
 0.9992686
 0.9992686
 0.9992686
 0.9992686
 0.9992686
 0.9992686
 0.9992686
 0.9992686
 0.9992686
 0.9992686
 0.9992686
 0.9992686
 0.9992686
 0.9992686
 0.9992686
 0.9992686
 0.9992686
 0.9992686
 0.9992686
 0.9992686
 0.9992686
 0.9992686
 0.9992686
 0.9992686
 0.9992686
 0.9992686
 0.9992686
 0.9992686
 0.9992686
 0.9992686
 0.9992686
 0.9992686
 0.9992686
 0.9992686
 0.9992686
 0.9992686
 0.9992686
 0.9992686
 0.9992686
 0.9992686
 0.9992686
 0.9992686
 0.9992686
 0.9992686
 0.9992686
 0.9992686
 0.9993853
 0.9993853
 0.9993853
 0.9993853
 0.9993853
 0.9993853
 0.9993853
 0.9993853
 0.9993853
 0.9993853
 0.9993853
 0.9993853
 0.9993853
 0.9993853
 0.9993853
 0.9993853
 0.9993853
 0.9993853
 0.9993853
 0.9993853
 0.9993853
 0.9993853
 0.9993853
 0.9993853
 0.9993853
 0.9993853
 0.9993853
 0.9993853
 0.9993853
 0.9993853
 0.9993853
 0.9993853
 0.9993853
 0.9993853
 0.9993853
 0.9993853
 0.9993853
 0.9993853
 0.9993853
 0.9993853
 0.9993853
 0.9993853
 0.9993853
 0.9993853
 0.9993853
 0.9993853
 0.9993853
 0.9993853
 0.9993853
 0.9993853
 0.9993853
 0.9993853
 0.9993853
 0.9993853
 0.9993853
 0.9993853
 0.9993853
 0.9993853
 0.9993853
 0.9993853
 0.9993853
 0.9993853
 0.9993853
 0.9993853
 0.9993853
 0.9993853
 0.9993853
 0.9993853
 0.9993853
 0.9993853
 0.9993853
 0.9993853
 0.9993853
 0.9993853
 0.9993853
 0.9993853
 0.9993853
 0.9993853
 0.9993853
 0.9993853
 0.9993853
 0.9993853
 0.9993853
 0.9993853
 0.9993853
 0.9993853
 0.9993853
 0.9993853
 0.9993853
 0.9993853
 0.9993853
 0.9993853
 0.9993853
 0.9993853
 0.9993853
 0.9993853
 0.9993853
 0.9993853
 0.9993853
 0.9993853
 0.9993853
 0.9993853
 0.9993853
 0.9993853
 0.9993853
 0.9993853
 0.9993853
 0.9993853
 0.9993853
 0.9993853
 0.9993853
 0.9993853
 0.9993853
 0.9993853
 0.9993853
 0.9993853
 0.9993853
 0.9993853
 0.9993853
 0.9993853
 0.9993853
 0.9993853
 0.9993853
 0.9993853
 0.9993853
 0.9993853
 0.9993853
 0.9993853
 0.9993853
 0.9993853
 0.9993853
 0.9993853
 0.9993853
 0.9993853
 0.9993853
 0.9993853
 0.9993853
 0.9993853
 0.9993853
 0.9993853
 0.9993853
 0.9993853
 0.9993853
 0.9993853
 0.9993853
 0.9993853
 0.9993853
 0.9993853
 0.9993853
 0.9993853
 0.9993853
 0.9993853
 0.9993853
 0.9993853
 0.9995020
 0.9995020
 0.9995020
 0.9995020
 0.9995020
 0.9995020
 0.9995020
 0.9995020
 0.9995020
 0.9995020
 0.9995020
 0.9995020
 0.9995020
 0.9995020
 0.9995020
 0.9995020
 0.9995020
 0.9995020
 0.9995020
 0.9995020
 0.9995020
 0.9995020
 0.9995020
 0.9995020
 0.9995020
 0.9995020
 0.9995020
 0.9995020
 0.9995020
 0.9995020
 0.9995020
 0.9995020
 0.9995020
 0.9995020
 0.9995020
 0.9995020
 0.9996576
 0.9996576
 0.9996576
 0.9996576
 0.9996576
 0.9996576
 0.9996576
 0.9996576
 0.9996576
 0.9996576
 0.9996576
 0.9996576
 0.9996576
 0.9996576
 0.9996576
 0.9996576
 0.9996576
 0.9996576
 0.9996576
 0.9996576
 0.9996576
 0.9996576
 0.9996576
 0.9996576
 0.9996576
 0.9996576
 0.9996576
 0.9996576
 0.9996576
 0.9996576
 0.9996576
 0.9996576
 0.9996576
 0.9996576
 0.9996576
 0.9996576
 0.9996576
 0.9996576
 0.9996576
 0.9996576
 0.9996576
 0.9996576
 0.9996576
 0.9996576
 0.9996576
 0.9996576
 0.9996576
 0.9996576
 0.9996576
 0.9996576
 0.9996576
 0.9996576
 0.9996576
 0.9996576
 0.9996576
 0.9996576
 0.9996576
 0.9996576
 0.9996576
 0.9996576
 0.9996576
 0.9996576
 0.9996576
 0.9996576
 0.9996576
 0.9996576
 0.9996576
 0.9996576
 0.9996576
 0.9996576
 0.9996576
 0.9996576
 0.9996576
 0.9996576
 0.9996576
 0.9996576
 0.9996576
 0.9996576
 0.9996576
 0.9996576
 0.9996576
 0.9996576
 0.9996576
 0.9996576
 0.9996576
 0.9996576
 0.9996576
 0.9996576
 0.9996576
 0.9996576
 0.9997510
 0.9997510
 0.9997510
 0.9997510
 0.9997510
 0.9997510
 0.9997510
 0.9997510
 0.9997510
 0.9997510
 0.9997510
 0.9997510
 0.9997510
 0.9997510
 0.9997510
 0.9997510
 0.9997510
 0.9997510
 0.9997510
 0.9997510
 0.9997510
 0.9997510
 0.9997510
 0.9997510
 0.9997510
 0.9997510
 0.9997510
 0.9997510
 0.9997510
 0.9997510
 0.9997510
 0.9997510
 0.9997510
 0.9997510
 0.9997510
 0.9997510
 0.9997510
 0.9997510
 0.9997510
 0.9997510
 0.9997510
 0.9997510
 0.9997510
 0.9997510
 0.9997510
 0.9997510
 0.9997510
 0.9997510
 0.9997510
 0.9997510
 0.9997510
 0.9997510
 0.9997510
 0.9997510
 0.9997510
 0.9997510
 0.9997510
 0.9997510
 0.9997510
 0.9997510
 0.9997510
 0.9997510
 0.9997510
 0.9997510
 0.9997510
 0.9997510
 0.9997510
 0.9997510
 0.9997510
 0.9997510
 0.9997510
 0.9997510
 0.9997510
 0.9997510
 0.9997510
 0.9997510
 0.9997510
 0.9997510
 0.9997510
 0.9997510
 0.9997510
 0.9997510
 0.9997510
 0.9997510
 0.9997510
 0.9997510
 0.9997510
 0.9997510
 0.9997510
 0.9997510
 0.9997510
 0.9997510
 0.9997510
 0.9997510
 0.9997510
 0.9997510
 0.9997510
 0.9997510
 0.9997510
 0.9997510
 0.9997510
 0.9997510
 0.9997510
 0.9997510
 0.9997510
 0.9997510
 0.9997510
 0.9997510
 0.9997510
 0.9997510
 0.9997510
 0.9997510
 0.9997510
 0.9997510
 0.9997510
 0.9997510
 0.9997510
 0.9997510
 0.9997510
 0.9997510
 0.9997510
 0.9997510
 0.9997510
 0.9997510
 0.9997510
 0.9997510
 0.9997510
 0.9997510
 0.9997510
 0.9997510
 0.9997510
 0.9997510
 0.9997510
 0.9997510
 0.9997510
 0.9997510
 0.9997510
 0.9997510
 0.9997510
 0.9997510
 0.9997510
 0.9997510
 0.9997510
 0.9997510
 0.9997510
 0.9997510
 0.9997510
 0.9997510
 0.9997510
 0.9997510
 0.9997510
 0.9997510
 0.9997510
 0.9997510
 0.9997510
 0.9997510
 0.9997510
 0.9997510
 0.9997510
 0.9997510
 0.9997510
 0.9997510
 0.9997510
 0.9997510
 0.9997510
 0.9997510
 0.9997510
 0.9997510
 0.9997510
 0.9997510
 0.9997510
 0.9997510
 0.9997510
 0.9997510
 0.9997510
 0.9997510
 0.9997510
 0.9997510
 0.9997510
 0.9997510
 0.9997510
 0.9997510
 0.9997510
 0.9997510
 0.9997510
 0.9997510
 0.9997510
 0.9997510
 0.9997510
 0.9997510
 0.9997510
 0.9997510
 0.9997510
 0.9997510
 0.9997510
 0.9997510
 0.9997510
 0.9997510
 0.9997510
 0.9997510
 0.9997510
 0.9997510
 0.9997510
 0.9997510
 0.9997510
 0.9997510
 0.9997510
 0.9997510
 0.9997510
 0.9997510
 0.9997510
 0.9997510
 0.9997510
 0.9997510
 0.9997510
 0.9997510
 0.9997510
 0.9997510
 0.9997510
 0.9997510
 0.9997510
 0.9997510
 0.9997510
 0.9997510
 0.9997510
 0.9997510
 0.9997510
 0.9997510
 0.9997510
 0.9997510
 0.9997510
 0.9997510
 0.9997510
 0.9997510
 0.9997510
 0.9997510
 0.9997510
 0.9997510
 0.9997510
 0.9997510
 0.9997510
 0.9997510
 0.9997510
 0.9997510
 0.9997510
 0.9997510
 0.9997510
 0.9997510
 0.9997510
 0.9997510
 0.9997510
 0.9997510
 0.9997510
 0.9997510
 0.9997510
 0.9997510
 0.9997510
 0.9997510
 0.9997510
 0.9997510
 0.9997510
 0.9997510
 0.9997510
 0.9997510
 0.9997510
 0.9997510
 0.9997510
 0.9997510
 0.9997510
 0.9997510
 0.9997510
 0.9997510
 0.9997510
 0.9997510
 0.9997510
 0.9997510
 0.9997510
 0.9997510
 0.9997510
 0.9997510
 0.9997510
 0.9997510
 0.9997510
 0.9997510
 0.9997510
 0.9997510
 0.9997510
 0.9997510
 0.9997510
 0.9997510
 0.9997510
 0.9997510
 0.9997510
 0.9997510
 0.9997510
 0.9997510
 0.9997510
 0.9997510
 0.9997510
 0.9997510
 0.9997510
 0.9997510
 0.9997510
 0.9997510
 0.9997510
 0.9997510
 0.9997510
 0.9997510
 0.9997510
 0.9997510
 0.9997510
 0.9997510
 0.9997510
 0.9997510
 0.9997510
 0.9997510
 0.9997510
 0.9997510
 0.9997510
 0.9997510
 0.9997510
 0.9997510
 0.9997510
 0.9997510
 0.9997510
 0.9997510
 0.9997510
 0.9997510
 0.9997510
 0.9997510
 0.9997510
 0.9997510
 0.9997510
 0.9997510
 0.9997510
 0.9997510
 0.9997510
 0.9997510
 0.9997510
 0.9997510
 0.9997510
 0.9997510
 0.9997510
 0.9997510
 0.9997510
 0.9997510
 0.9997510
 0.9997510
 0.9997510
 0.9997510
 0.9997510
 0.9997510
 0.9997510
 0.9997510
 0.9997510
 0.9997510
 0.9997510
 0.9997510
 0.9997510
 0.9997510
 0.9997510
 0.9997510
 0.9997510
 0.9997510
 0.9997510
 0.9997510
 0.9997510
 0.9997510
 0.9997510
 0.9997510
 0.9997510
 0.9997510
 0.9997510
 0.9997510
 0.9997510
 0.9997510
 0.9997510
 0.9997510
 0.9997510
 0.9997510
 0.9997510
 0.9997510
 0.9997510
 0.9997510
 0.9997510
 0.9997510
 0.9997510
 0.9997510
 0.9997510
 0.9997510
 0.9997510
 0.9997510
 0.9997510
 0.9997510
 0.9997510
 0.9997510
 0.9997510
 0.9997510
 0.9997510
 0.9997510
 0.9997510
 0.9997510
 0.9997510
 0.9997510
 0.9997510
 0.9997510
 0.9997510
 0.9997510
 0.9997510
 0.9997510
 0.9997510
 0.9997510
 0.9997510
 0.9997510
 0.9997510
 0.9997510
 0.9997510
 0.9997510
 0.9997510
 0.9997510
 0.9997510
 0.9997510
 0.9997510
 0.9997510
 0.9997510
 0.9997510
 0.9997510
 0.9997510
 0.9997510
 0.9997510
 0.9997510
 0.9997510
 0.9997510
 0.9997510
 0.9997510
 0.9997510
 0.9997510
 0.9997510
 0.9997510
 0.9997510
 0.9997510
 0.9997510
 0.9997510
 0.9997510
 0.9997510
 0.9997510
 0.9997510
 0.9997510
 0.9997510
 0.9997510
 0.9997510
 0.9997510
 0.9997510
 0.9997510
 0.9997510
 0.9997510
 0.9997510
 0.9997510
 0.9997510
 0.9997510
 0.9997510
 0.9997510
 0.9997510
 0.9997510
 0.9997510
 0.9997510
 0.9997510
 0.9997510
 0.9997510
 0.9997510
 0.9997510
 0.9997510
 0.9997510
 0.9997510
 0.9997510
 0.9997510
 0.9997510
 0.9997510
 0.9998444
 0.9998444
 0.9998444
 0.9998444
 0.9998444
 0.9998444
 0.9998444
 0.9998444
 0.9998444
 0.9998444
 0.9998444
 0.9998444
 0.9998444
 0.9998444
 0.9998444
 0.9998444
 0.9998444
 0.9998444
 0.9998444
 0.9998444
 0.9998444
 0.9998444
 0.9998444
 0.9998444
 0.9998444
 0.9998444
 0.9998444
 0.9998444
 0.9998444
 0.9998444
 0.9998444
 0.9998444
 0.9998444
 0.9998444
 0.9998444
 0.9998444
 0.9998444
 0.9998444
 0.9998444
 0.9998444
 0.9998444
 0.9998444
 0.9998444
 0.9998444
 0.9998444
 0.9998444
 0.9998444
 0.9998444
 0.9998444
 0.9998444
 0.9998444
 0.9998444
 0.9998444
 0.9998444
 0.9998444
 0.9998444
 0.9998444
 0.9998444
 0.9998444
 0.9998444
 0.9998444
 0.9998444
 0.9998444
 0.9998444
 0.9998444
 0.9998444
 0.9998444
 0.9998444
 0.9998444
 0.9998444
 0.9998444
 0.9998444
 0.9998444
 0.9998444
 0.9998444
 0.9998444
 0.9998444
 0.9998444
 0.9998444
 0.9998444
 0.9998444
 0.9998444
 0.9998444
 0.9998444
 0.9998444
 0.9998444
 0.9998444
 0.9998444
 0.9998444
 0.9998444
 0.9998444
 0.9998444
 0.9998444
 0.9998444
 0.9998444
 0.9998444
 0.9998444
 0.9998444
 0.9998444
 0.9998444
 0.9998444
 0.9998444
 0.9998444
 0.9998444
 0.9998444
 0.9998444
 0.9998444
 0.9998444
 0.9998444
 0.9998444
 0.9998444
 0.9998444
 0.9998444
 0.9998444
 0.9998444
 0.9998444
 0.9998444
 0.9998444
 0.9998444
 0.9998444
 0.9998444
 0.9998444
 0.9998444
 0.9998444
 0.9998444
 0.9998444
 0.9998444
 0.9998444
 0.9998444
 0.9998444
 0.9998444
 0.9998444
 0.9998444
 0.9998444
 0.9998444
 0.9998444
 0.9998444
 0.9998444
 0.9998444
 0.9998444
 0.9998444
 0.9998444
 0.9998444
 0.9998444
 0.9998444
 0.9998444
 0.9998444
 0.9998444
 0.9998444
 0.9998444
 0.9998444
 0.9998444
 0.9998444
 0.9998444
 0.9998444
 0.9998444
 0.9998444
 0.9998444
 0.9998444
 0.9998444
 0.9998444
 0.9998444
 0.9998444
 0.9998444
 0.9998444
 0.9998444
 0.9998444
 0.9998444
 0.9998444
 0.9998444
 0.9998444
 0.9998444
 0.9998444
 0.9998444
 0.9998444
 0.9998444
 0.9998444
 0.9998444
 0.9998444
 0.9998444
 0.9998444
 0.9998444
 0.9998444
 0.9998444
 0.9998444
 0.9998444
 0.9998444
 0.9998444
 0.9998444
 0.9998444
 0.9998444
 0.9998444
 0.9998444
 0.9998444
 0.9998444
 0.9998444
 0.9998444
 0.9998444
 0.9998444
 0.9998444
 0.9998444
 0.9998444
 0.9998444
 0.9998444
 0.9998444
 0.9998444
 0.9998444
 0.9998444
 0.9998444
 0.9998444
 0.9998444
 0.9998444
 0.9998444
 0.9998444
 0.9998444
 0.9998444
 0.9998444
 0.9998444
 0.9998444
 0.9998444
 0.9998444
 0.9998444
 0.9998444
 0.9998444
 0.9998444
 0.9998444
 0.9998444
 0.9998444
 0.9998444
 0.9998444
 1.0000000
 1.0000000
 1.0000000
 1.0000000
 1.0000000
 1.0000000
 1.0000000
 1.0000000
 1.0000000
 1.0000000
 1.0000000
 1.0000000
 1.0000000
 1.0000000
 1.0000000
 1.0000000
 1.0000000
 1.0000000
 1.0000000
 1.0000000
 1.0000000
 1.0000000
 1.0000000
 1.0000000
 1.0000000
 1.0000000
 1.0000000
 1.0000000
 1.0000000
 1.0000000
 1.0000000
 1.0000000
 1.0000000
 1.0000000
 1.0000000
 1.0000000
 1.0000000
 1.0000000
 1.0000000
 1.0000000
 1.0000000
 1.0000000
 1.0000000
 1.0000000
 1.0000000
 1.0000000
 1.0000000
 1.0000000
 1.0000000
 1.0000000
 1.0000000
 1.0000000
 1.0000000
 1.0000000
 1.0000000
 1.0000000
 1.0000000
 1.0000000
 1.0000000
 1.0000000
 1.0000000
 1.0000000
 1.0000000
 1.0000000
 1.0000000
 1.0000000
 1.0000000
 1.0000000
 1.0000000
 1.0000000
 1.0000000
 1.0000000
 1.0000000
 1.0000000
 1.0000000
 1.0000000
 1.0000000
 1.0000000
 1.0000000
 1.0000000
 1.0000000
 1.0000000
 1.0000000
 1.0000000
 1.0000000
 1.0000000
 1.0000000
 1.0000000
 1.0000000
 1.0000000
 1.0000000
 1.0000000
 1.0000000
 1.0000000
 1.0000000
 1.0000000
 1.0000000
 1.0000000
 1.0000000
 1.0000000
 1.0000000
 1.0000000
 1.0000000
 1.0000000
 1.0000000
 1.0000000
 1.0000000
 1.0000000
 1.0000000
 1.0000000
 1.0000000
 1.0000000
 1.0000000
 1.0000000
 1.0000000
 1.0000000
 1.0000000
 1.0000000
 1.0000000
 1.0000000
 1.0000000
 1.0000000
 1.0000000
 1.0000000
 1.0000000
 1.0000000
 1.0000000
 1.0000000
 1.0000000
 1.0000000
 1.0000000
 1.0000000
 1.0000000
 1.0000000
 1.0000000
 1.0000000
 1.0000000
 1.0000000
 1.0000000
 1.0000000
 1.0000000
 1.0000000
 1.0000000
 1.0000000
 1.0000000
 1.0000000
 1.0000000
 1.0000000
 1.0000000
 1.0000000
 1.0000000
 1.0000000
 1.0000000
 1.0000000
 1.0000000
 1.0000000
 1.0000000
 1.0000000
 1.0000000
 1.0000000
 1.0000000
 1.0000000
 1.0000000
 1.0000000
 1.0000000
 1.0000000
 1.0000000
 1.0000000
 1.0000000
 1.0000000
 1.0000000
 1.0000000
 1.0000000
 1.0000000
 1.0000000
 1.0000000
 1.0000000
 1.0000000
 1.0000000
 1.0000000
 1.0000000
 1.0000000
 1.0000000
 1.0000000
 1.0000000
 1.0000000
 1.0000000
 1.0000000
 1.0000000
 1.0000000
 1.0000000
 1.0000000
 1.0000000
 1.0000000
 1.0000000
 1.0000000
 1.0000000
 1.0000000
 1.0000000
 1.0000000
 1.0000000
 1.0000000
 1.0000000
 1.0000000
 1.0000000
 1.0000000
 1.0000000
 1.0000000
 1.0000000
 1.0000000
 1.0000000
 1.0000000
 1.0000000
 1.0000000
 1.0000000
 1.0000000
 1.0000000
 1.0000000
 1.0000000
 1.0000000
 1.0000000
 1.0000000
 1.0000000
 1.0000000
 1.0000000
 1.0000000
 1.0000000
 1.0000000
 1.0000000
 1.0000000
 1.0000000
 1.0000000
 1.0000000
 1.0000000
 1.0000000
 1.0000000
 1.0000000
 1.0000000
 1.0000000
 1.0000000
 1.0000000
 1.0000000
 1.0000000
 1.0000000
 1.0000000
 1.0000000
 1.0000000
 1.0000000
 1.0000000
 1.0000000
 1.0000000
 1.0000000
 1.0000000
 1.0000000
 1.0000000
 1.0000000
 1.0000000
 1.0000000
 1.0000000
 1.0000000
 1.0000000
 1.0000000
 1.0000000
 1.0000000
 1.0000000
 1.0000000
 1.0000000
 1.0000000
 1.0000000
 1.0000000
 1.0000000
 1.0000000
 1.0000000
 1.0000000
 1.0000000
 1.0000000
 1.0000000
 1.0000000
 1.0000000
 1.0000000
 1.0000000
 1.0000000
 1.0000000
 1.0000000
 1.0000000
 1.0000000
 1.0000000
 1.0000000
 1.0000000
 1.0000000
 1.0000000
 1.0000000
 1.0000000
 1.0000000
 1.0000000
 1.0000000
 1.0000000
 1.0000000
 1.0000000
 1.0000000
 1.0000000
 1.0000000
 1.0000000
 1.0000000
 1.0000000
 1.0000000
 1.0000000
 1.0000000
 1.0000000
 1.0000000
 1.0000000
 1.0000000
 1.0000000
 1.0000000
 1.0000000
 1.0000000
 1.0000000
 1.0000000
 1.0000000
 1.0000000
 1.0000000
 1.0000000
 1.0000000
 1.0000000
 1.0000000
 1.0000000
 1.0000000
 1.0000000
 1.0000000
 1.0000000
 1.0000000
 1.0000000
 1.0000000
 1.0000000
 1.0000000
 1.0000000
 1.0000000
