 0.0000000
 0.0000000
 0.0000000
 0.0000000
 0.0000000
 0.0000000
 0.0000000
 0.0000000
 0.0000000
 0.0000000
 0.0000000
 0.0000000
 0.0000000
 0.0000000
 0.0000000
 0.0000000
 0.0000000
 0.0000000
 0.0000000
 0.0000000
 0.0000000
 0.0000000
 0.0000000
 0.0001556
 0.0001556
 0.0481360
 0.0481360
 0.0510762
 0.0518751
 0.5758599
 0.5791450
 0.6110101
 0.6134922
 0.6604239
 0.6619101
 0.7049068
 0.7096554
 0.7324868
 0.7338815
 0.7342705
 0.7420631
 0.7458122
 0.7518969
 0.7703438
 0.7720213
 0.7745190
 0.7813189
 0.7930356
 0.8059558
 0.8059558
 0.8096283
 0.8117681
 0.8185382
 0.8186549
 0.8534925
 0.8551887
 0.8769931
 0.8772654
 0.8985275
 0.8988776
 0.9753750
 0.9753750
 0.9814566
 0.9814566
 0.9844382
 0.9844382
 0.9882120
 0.9882120
 0.9884609
 0.9884609
 0.9906785
 0.9906785
 0.9907952
 0.9907952
 0.9928260
 0.9928260
 0.9930750
 0.9930750
 0.9934641
 0.9934641
 0.9936975
 0.9936975
 0.9936975
 0.9936975
 0.9936975
 0.9936975
 0.9940087
 0.9940087
 0.9940087
 0.9940087
 0.9942810
 0.9942810
 0.9947246
 0.9947246
 0.9949735
 0.9949735
 0.9952459
 0.9952459
 0.9952459
 0.9952459
 0.9952459
 0.9952459
 0.9952459
 0.9952459
 0.9956349
 0.9956349
 0.9956972
 0.9956972
 0.9963585
 0.9963585
 0.9965142
 0.9965142
 0.9965142
 0.9965142
 0.9966698
 0.9966698
 0.9966698
 0.9966698
 0.9966698
 0.9966698
 0.9966698
 0.9966698
 0.9966698
 0.9966698
 0.9966698
 0.9966698
 0.9969188
 0.9969188
 0.9970121
 0.9970121
 0.9970121
 0.9970121
 0.9970121
 0.9970121
 0.9971289
 0.9971289
 0.9972456
 0.9972456
 0.9973389
 0.9973389
 0.9973389
 0.9973389
 0.9973389
 0.9973389
 0.9973389
 0.9973389
 0.9973389
 0.9973389
 0.9973389
 0.9973389
 0.9973389
 0.9973389
 0.9973389
 0.9973389
 0.9974556
 0.9974556
 0.9974556
 0.9974556
 0.9974556
 0.9974556
 0.9976891
 0.9976891
 0.9976891
 0.9976891
 0.9978447
 0.9978447
 0.9978447
 0.9978447
 0.9978447
 0.9978447
 0.9980548
 0.9980548
 0.9980548
 0.9980548
 0.9980548
 0.9980548
 0.9980548
 0.9980548
 0.9980548
 0.9980548
 0.9980548
 0.9980548
 0.9980548
 0.9980548
 0.9980548
 0.9980548
 0.9980548
 0.9980548
 0.9980548
 0.9980548
 0.9980548
 0.9980548
 0.9980548
 0.9980548
 0.9980548
 0.9980548
 0.9980548
 0.9980548
 0.9980548
 0.9980548
 0.9980548
 0.9980548
 0.9980548
 0.9980548
 0.9980548
 0.9980548
 0.9980548
 0.9980548
 0.9981715
 0.9981715
 0.9981715
 0.9981715
 0.9981715
 0.9981715
 0.9981715
 0.9981715
 0.9981715
 0.9982882
 0.9982882
 0.9982882
 0.9982882
 0.9982882
 0.9982882
 0.9982882
 0.9982882
 0.9982882
 0.9982882
 0.9982882
 0.9982882
 0.9982882
 0.9982882
 0.9982882
 0.9982882
 0.9982882
 0.9982882
 0.9982882
 0.9983816
 0.9983816
 0.9986928
 0.9986928
 0.9986928
 0.9986928
 0.9986928
 0.9986928
 0.9986928
 0.9986928
 0.9986928
 0.9986928
 0.9988095
 0.9988095
 0.9988095
 0.9988095
 0.9988095
 0.9988095
 0.9988095
 0.9988095
 0.9988095
 0.9988095
 0.9988095
 0.9988095
 0.9988095
 0.9988095
 0.9988095
 0.9988095
 0.9988095
 0.9988095
 0.9988095
 0.9988095
 0.9988095
 0.9988095
 0.9988095
 0.9988095
 0.9988095
 0.9988095
 0.9988095
 0.9988095
 0.9988095
 0.9988095
 0.9988095
 0.9988095
 0.9988095
 0.9988095
 0.9988095
 0.9988095
 0.9988095
 0.9988095
 0.9988095
 0.9988095
 0.9988095
 0.9988095
 0.9988095
 0.9988095
 0.9988095
 0.9988095
 0.9988095
 0.9988095
 0.9988095
 0.9988095
 0.9988095
 0.9988095
 0.9988095
 0.9988095
 0.9988095
 0.9988095
 0.9988095
 0.9988095
 0.9988095
 0.9988095
 0.9988095
 0.9988095
 0.9988095
 0.9988095
 0.9988095
 0.9988095
 0.9988095
 0.9988095
 0.9988095
 0.9988095
 0.9988095
 0.9988095
 0.9988095
 0.9988095
 0.9988095
 0.9988095
 0.9988095
 0.9988095
 0.9988095
 0.9988095
 0.9988095
 0.9988095
 0.9988095
 0.9988095
 0.9988095
 0.9988095
 0.9988095
 0.9988095
 0.9988095
 0.9988095
 0.9988095
 0.9988095
 0.9988095
 0.9988095
 0.9988095
 0.9988095
 0.9988095
 0.9988095
 0.9989651
 0.9989651
 0.9990819
 0.9990819
 0.9991752
 0.9991752
 0.9991752
 0.9991752
 0.9991752
 0.9991752
 0.9991752
 0.9991752
 0.9991752
 0.9991752
 0.9993308
 0.9993308
 0.9993308
 0.9993308
 0.9993308
 0.9993308
 0.9993308
 0.9993308
 0.9993308
 0.9993308
 0.9993308
 0.9993308
 0.9993308
 0.9993308
 0.9993308
 0.9993308
 0.9993308
 0.9993308
 0.9993308
 0.9993308
 0.9993308
 0.9993308
 0.9993308
 0.9993308
 0.9993308
 0.9993308
 0.9993308
 0.9993308
 0.9993308
 0.9993308
 0.9993308
 0.9993308
 0.9993308
 0.9993308
 0.9993308
 0.9993308
 0.9993308
 0.9993308
 0.9993308
 0.9993308
 0.9994476
 0.9994476
 0.9994476
 0.9994476
 0.9994476
 0.9994476
 0.9994476
 0.9994476
 0.9994476
 0.9994476
 0.9994476
 0.9994476
 0.9994476
 0.9994476
 0.9994476
 0.9994476
 0.9994476
 0.9994476
 0.9994476
 0.9994476
 0.9994476
 0.9994476
 0.9994476
 0.9994476
 0.9994476
 0.9994476
 0.9995409
 0.9995409
 0.9995409
 0.9995409
 0.9995409
 0.9995409
 0.9995409
 0.9995409
 0.9995409
 0.9995409
 0.9995409
 0.9995409
 0.9995409
 0.9995409
 0.9995409
 0.9995409
 0.9995409
 0.9995409
 0.9995409
 0.9995409
 0.9995409
 0.9995409
 0.9995409
 0.9995409
 0.9995409
 0.9995409
 0.9995409
 0.9995409
 0.9995409
 0.9995409
 0.9995409
 0.9995409
 0.9995409
 0.9995409
 0.9995409
 0.9995409
 0.9995409
 0.9995409
 0.9995409
 0.9995409
 0.9995409
 0.9995409
 0.9995409
 0.9995409
 0.9995409
 0.9995409
 0.9995409
 0.9995409
 0.9995409
 0.9995409
 0.9995409
 0.9995409
 0.9995409
 0.9995409
 0.9995409
 0.9995409
 0.9995409
 0.9995409
 0.9996576
 0.9996576
 0.9996576
 0.9996576
 0.9996576
 0.9996576
 0.9996576
 0.9996576
 0.9996576
 0.9996576
 0.9997510
 0.9997510
 0.9997510
 0.9997510
 0.9997510
 0.9997510
 0.9997510
 0.9997510
 0.9998444
 0.9998444
 0.9998444
 0.9998444
 0.9998444
 0.9998444
 0.9998444
 0.9998444
 0.9998444
 0.9998444
 0.9998444
 0.9998444
 0.9998444
 0.9998444
 0.9998444
 0.9998444
 0.9998444
 0.9998444
 0.9998444
 0.9998444
 0.9998444
 0.9998444
 0.9998444
 0.9998444
 0.9998444
 0.9998444
 0.9998444
 0.9998444
 0.9998444
 0.9998444
 0.9998444
 0.9998444
 0.9998444
 0.9998444
 0.9998444
 0.9998444
 0.9998444
 0.9998444
 0.9998444
 0.9998444
 0.9998444
 0.9998444
 0.9998444
 0.9998444
 0.9998444
 0.9998444
 0.9998444
 0.9998444
 0.9998444
 0.9998444
 0.9998444
 0.9998444
 0.9998444
 0.9998444
 0.9998444
 0.9998444
 0.9998444
 0.9998444
 0.9998444
 0.9998444
 0.9998444
 0.9998444
 0.9998444
 0.9998444
 0.9998444
 0.9998444
 0.9998444
 0.9998444
 0.9998444
 0.9998444
 0.9998444
 0.9998444
 0.9998444
 0.9998444
 0.9998444
 0.9998444
 0.9998444
 0.9998444
 0.9998444
 0.9998444
 0.9998444
 0.9998444
 0.9998444
 0.9998444
 0.9998444
 0.9998444
 0.9998444
 0.9998444
 0.9998444
 0.9998444
 0.9998444
 0.9998444
 0.9998444
 0.9998444
 0.9998444
 0.9998444
 0.9998444
 0.9998444
 0.9998444
 0.9998444
 0.9998444
 0.9998444
 0.9998444
 0.9998444
 0.9998444
 0.9998444
 0.9998444
 0.9998444
 0.9998444
 0.9998444
 0.9998444
 0.9998444
 0.9998444
 0.9998444
 1.0000000
 1.0000000
 1.0000000
 1.0000000
 1.0000000
 1.0000000
 1.0000000
 1.0000000
 1.0000000
 1.0000000
 1.0000000
 1.0000000
 1.0000000
 1.0000000
 1.0000000
 1.0000000
 1.0000000
 1.0000000
 1.0000000
 1.0000000
 1.0000000
 1.0000000
 1.0000000
 1.0000000
 1.0000000
 1.0000000
 1.0000000
 1.0000000
 1.0000000
 1.0000000
 1.0000000
 1.0000000
 1.0000000
 1.0000000
 1.0000000
 1.0000000
 1.0000000
 1.0000000
 1.0000000
 1.0000000
 1.0000000
 1.0000000
 1.0000000
 1.0000000
 1.0000000
 1.0000000
 1.0000000
 1.0000000
 1.0000000
 1.0000000
 1.0000000
 1.0000000
 1.0000000
 1.0000000
 1.0000000
 1.0000000
 1.0000000
 1.0000000
 1.0000000
 1.0000000
 1.0000000
 1.0000000
 1.0000000
 1.0000000
 1.0000000
 1.0000000
 1.0000000
 1.0000000
 1.0000000
 1.0000000
 1.0000000
 1.0000000
 1.0000000
 1.0000000
 1.0000000
 1.0000000
 1.0000000
 1.0000000
 1.0000000
 1.0000000
 1.0000000
 1.0000000
 1.0000000
 1.0000000
 1.0000000
 1.0000000
 1.0000000
 1.0000000
 1.0000000
 1.0000000
 1.0000000
 1.0000000
 1.0000000
 1.0000000
 1.0000000
 1.0000000
 1.0000000
 1.0000000
 1.0000000
 1.0000000
 1.0000000
 1.0000000
 1.0000000
 1.0000000
 1.0000000
 1.0000000
 1.0000000
 1.0000000
 1.0000000
 1.0000000
 1.0000000
 1.0000000
 1.0000000
 1.0000000
 1.0000000
 1.0000000
 1.0000000
 1.0000000
 1.0000000
 1.0000000
 1.0000000
 1.0000000
 1.0000000
 1.0000000
 1.0000000
 1.0000000
 1.0000000
 1.0000000
 1.0000000
 1.0000000
 1.0000000
 1.0000000
 1.0000000
 1.0000000
 1.0000000
 1.0000000
 1.0000000
 1.0000000
 1.0000000
 1.0000000
 1.0000000
 1.0000000
 1.0000000
 1.0000000
 1.0000000
 1.0000000
 1.0000000
 1.0000000
 1.0000000
 1.0000000
 1.0000000
 1.0000000
 1.0000000
 1.0000000
 1.0000000
 1.0000000
 1.0000000
 1.0000000
 1.0000000
 1.0000000
 1.0000000
 1.0000000
 1.0000000
 1.0000000
 1.0000000
 1.0000000
 1.0000000
 1.0000000
 1.0000000
 1.0000000
 1.0000000
 1.0000000
 1.0000000
 1.0000000
 1.0000000
 1.0000000
 1.0000000
 1.0000000
 1.0000000
 1.0000000
 1.0000000
 1.0000000
 1.0000000
 1.0000000
 1.0000000
 1.0000000
 1.0000000
 1.0000000
 1.0000000
 1.0000000
 1.0000000
 1.0000000
 1.0000000
 1.0000000
 1.0000000
 1.0000000
 1.0000000
 1.0000000
 1.0000000
 1.0000000
 1.0000000
 1.0000000
 1.0000000
 1.0000000
 1.0000000
 1.0000000
 1.0000000
 1.0000000
 1.0000000
 1.0000000
 1.0000000
 1.0000000
 1.0000000
 1.0000000
 1.0000000
 1.0000000
 1.0000000
 1.0000000
 1.0000000
 1.0000000
 1.0000000
 1.0000000
 1.0000000
 1.0000000
 1.0000000
 1.0000000
 1.0000000
 1.0000000
 1.0000000
 1.0000000
 1.0000000
 1.0000000
 1.0000000
 1.0000000
 1.0000000
 1.0000000
 1.0000000
 1.0000000
 1.0000000
 1.0000000
 1.0000000
 1.0000000
 1.0000000
 1.0000000
 1.0000000
 1.0000000
 1.0000000
 1.0000000
 1.0000000
 1.0000000
 1.0000000
 1.0000000
 1.0000000
 1.0000000
 1.0000000
 1.0000000
 1.0000000
 1.0000000
 1.0000000
 1.0000000
 1.0000000
 1.0000000
 1.0000000
 1.0000000
 1.0000000
 1.0000000
 1.0000000
 1.0000000
 1.0000000
 1.0000000
 1.0000000
 1.0000000
 1.0000000
 1.0000000
 1.0000000
 1.0000000
 1.0000000
 1.0000000
 1.0000000
 1.0000000
 1.0000000
 1.0000000
 1.0000000
 1.0000000
 1.0000000
 1.0000000
 1.0000000
 1.0000000
 1.0000000
 1.0000000
 1.0000000
 1.0000000
 1.0000000
 1.0000000
 1.0000000
 1.0000000
 1.0000000
 1.0000000
 1.0000000
 1.0000000
 1.0000000
 1.0000000
 1.0000000
 1.0000000
 1.0000000
 1.0000000
 1.0000000
 1.0000000
 1.0000000
 1.0000000
 1.0000000
 1.0000000
 1.0000000
 1.0000000
 1.0000000
 1.0000000
 1.0000000
 1.0000000
 1.0000000
 1.0000000
 1.0000000
 1.0000000
 1.0000000
 1.0000000
 1.0000000
 1.0000000
 1.0000000
 1.0000000
 1.0000000
 1.0000000
 1.0000000
 1.0000000
 1.0000000
 1.0000000
 1.0000000
 1.0000000
 1.0000000
 1.0000000
 1.0000000
 1.0000000
 1.0000000
 1.0000000
 1.0000000
 1.0000000
 1.0000000
 1.0000000
 1.0000000
 1.0000000
 1.0000000
 1.0000000
 1.0000000
 1.0000000
 1.0000000
 1.0000000
 1.0000000
 1.0000000
 1.0000000
 1.0000000
 1.0000000
 1.0000000
 1.0000000
 1.0000000
 1.0000000
 1.0000000
 1.0000000
 1.0000000
 1.0000000
 1.0000000
 1.0000000
 1.0000000
 1.0000000
 1.0000000
 1.0000000
 1.0000000
 1.0000000
 1.0000000
 1.0000000
 1.0000000
 1.0000000
 1.0000000
 1.0000000
 1.0000000
 1.0000000
 1.0000000
 1.0000000
 1.0000000
 1.0000000
 1.0000000
 1.0000000
 1.0000000
 1.0000000
 1.0000000
 1.0000000
 1.0000000
 1.0000000
 1.0000000
 1.0000000
 1.0000000
 1.0000000
 1.0000000
 1.0000000
 1.0000000
 1.0000000
 1.0000000
 1.0000000
 1.0000000
 1.0000000
 1.0000000
 1.0000000
 1.0000000
 1.0000000
 1.0000000
 1.0000000
 1.0000000
 1.0000000
 1.0000000
 1.0000000
 1.0000000
 1.0000000
 1.0000000
 1.0000000
 1.0000000
 1.0000000
 1.0000000
 1.0000000
 1.0000000
 1.0000000
 1.0000000
 1.0000000
 1.0000000
 1.0000000
 1.0000000
 1.0000000
 1.0000000
 1.0000000
 1.0000000
 1.0000000
 1.0000000
 1.0000000
 1.0000000
 1.0000000
 1.0000000
 1.0000000
 1.0000000
 1.0000000
 1.0000000
 1.0000000
 1.0000000
 1.0000000
 1.0000000
 1.0000000
 1.0000000
 1.0000000
 1.0000000
 1.0000000
 1.0000000
 1.0000000
 1.0000000
 1.0000000
 1.0000000
 1.0000000
 1.0000000
 1.0000000
 1.0000000
 1.0000000
 1.0000000
 1.0000000
 1.0000000
 1.0000000
 1.0000000
 1.0000000
 1.0000000
 1.0000000
 1.0000000
 1.0000000
 1.0000000
 1.0000000
 1.0000000
 1.0000000
 1.0000000
 1.0000000
 1.0000000
 1.0000000
 1.0000000
 1.0000000
 1.0000000
 1.0000000
 1.0000000
 1.0000000
 1.0000000
 1.0000000
 1.0000000
 1.0000000
 1.0000000
 1.0000000
 1.0000000
 1.0000000
 1.0000000
 1.0000000
 1.0000000
 1.0000000
 1.0000000
 1.0000000
 1.0000000
 1.0000000
 1.0000000
 1.0000000
 1.0000000
 1.0000000
 1.0000000
 1.0000000
 1.0000000
 1.0000000
 1.0000000
 1.0000000
 1.0000000
 1.0000000
 1.0000000
 1.0000000
 1.0000000
 1.0000000
 1.0000000
 1.0000000
 1.0000000
 1.0000000
 1.0000000
 1.0000000
 1.0000000
 1.0000000
 1.0000000
 1.0000000
 1.0000000
 1.0000000
 1.0000000
 1.0000000
 1.0000000
 1.0000000
 1.0000000
 1.0000000
 1.0000000
 1.0000000
 1.0000000
 1.0000000
 1.0000000
 1.0000000
 1.0000000
 1.0000000
 1.0000000
 1.0000000
 1.0000000
 1.0000000
 1.0000000
 1.0000000
 1.0000000
 1.0000000
 1.0000000
 1.0000000
 1.0000000
 1.0000000
 1.0000000
 1.0000000
 1.0000000
 1.0000000
 1.0000000
 1.0000000
 1.0000000
 1.0000000
 1.0000000
 1.0000000
 1.0000000
 1.0000000
 1.0000000
 1.0000000
 1.0000000
 1.0000000
 1.0000000
 1.0000000
 1.0000000
 1.0000000
 1.0000000
 1.0000000
 1.0000000
 1.0000000
 1.0000000
 1.0000000
 1.0000000
 1.0000000
 1.0000000
 1.0000000
 1.0000000
 1.0000000
 1.0000000
 1.0000000
 1.0000000
 1.0000000
 1.0000000
 1.0000000
 1.0000000
 1.0000000
 1.0000000
 1.0000000
 1.0000000
 1.0000000
 1.0000000
 1.0000000
 1.0000000
 1.0000000
 1.0000000
 1.0000000
 1.0000000
 1.0000000
 1.0000000
 1.0000000
 1.0000000
 1.0000000
 1.0000000
 1.0000000
 1.0000000
 1.0000000
 1.0000000
 1.0000000
 1.0000000
 1.0000000
 1.0000000
 1.0000000
 1.0000000
 1.0000000
 1.0000000
 1.0000000
 1.0000000
 1.0000000
 1.0000000
 1.0000000
 1.0000000
 1.0000000
 1.0000000
 1.0000000
 1.0000000
 1.0000000
 1.0000000
 1.0000000
 1.0000000
 1.0000000
 1.0000000
 1.0000000
 1.0000000
 1.0000000
 1.0000000
 1.0000000
 1.0000000
 1.0000000
 1.0000000
 1.0000000
 1.0000000
 1.0000000
 1.0000000
 1.0000000
 1.0000000
 1.0000000
 1.0000000
 1.0000000
 1.0000000
 1.0000000
 1.0000000
 1.0000000
 1.0000000
 1.0000000
 1.0000000
 1.0000000
 1.0000000
 1.0000000
 1.0000000
 1.0000000
 1.0000000
 1.0000000
 1.0000000
 1.0000000
 1.0000000
 1.0000000
 1.0000000
 1.0000000
 1.0000000
 1.0000000
 1.0000000
 1.0000000
 1.0000000
 1.0000000
 1.0000000
 1.0000000
 1.0000000
 1.0000000
 1.0000000
 1.0000000
 1.0000000
 1.0000000
 1.0000000
 1.0000000
 1.0000000
 1.0000000
 1.0000000
 1.0000000
 1.0000000
 1.0000000
 1.0000000
 1.0000000
 1.0000000
 1.0000000
 1.0000000
 1.0000000
 1.0000000
 1.0000000
 1.0000000
 1.0000000
 1.0000000
 1.0000000
 1.0000000
 1.0000000
 1.0000000
 1.0000000
 1.0000000
 1.0000000
 1.0000000
 1.0000000
 1.0000000
 1.0000000
 1.0000000
 1.0000000
 1.0000000
 1.0000000
 1.0000000
 1.0000000
 1.0000000
 1.0000000
 1.0000000
 1.0000000
 1.0000000
 1.0000000
 1.0000000
 1.0000000
 1.0000000
 1.0000000
 1.0000000
 1.0000000
 1.0000000
 1.0000000
 1.0000000
 1.0000000
 1.0000000
 1.0000000
 1.0000000
 1.0000000
 1.0000000
 1.0000000
 1.0000000
 1.0000000
 1.0000000
 1.0000000
 1.0000000
 1.0000000
 1.0000000
 1.0000000
 1.0000000
 1.0000000
 1.0000000
 1.0000000
 1.0000000
 1.0000000
 1.0000000
 1.0000000
 1.0000000
 1.0000000
 1.0000000
 1.0000000
 1.0000000
 1.0000000
 1.0000000
 1.0000000
 1.0000000
 1.0000000
 1.0000000
 1.0000000
 1.0000000
 1.0000000
 1.0000000
 1.0000000
 1.0000000
 1.0000000
 1.0000000
 1.0000000
 1.0000000
 1.0000000
 1.0000000
 1.0000000
 1.0000000
 1.0000000
 1.0000000
 1.0000000
 1.0000000
 1.0000000
 1.0000000
 1.0000000
 1.0000000
 1.0000000
 1.0000000
 1.0000000
 1.0000000
 1.0000000
 1.0000000
 1.0000000
 1.0000000
 1.0000000
 1.0000000
 1.0000000
 1.0000000
 1.0000000
 1.0000000
 1.0000000
 1.0000000
 1.0000000
 1.0000000
 1.0000000
 1.0000000
 1.0000000
 1.0000000
 1.0000000
 1.0000000
 1.0000000
 1.0000000
 1.0000000
 1.0000000
 1.0000000
 1.0000000
 1.0000000
 1.0000000
 1.0000000
 1.0000000
 1.0000000
 1.0000000
 1.0000000
 1.0000000
 1.0000000
 1.0000000
 1.0000000
 1.0000000
 1.0000000
 1.0000000
 1.0000000
 1.0000000
 1.0000000
 1.0000000
 1.0000000
 1.0000000
 1.0000000
 1.0000000
 1.0000000
 1.0000000
 1.0000000
 1.0000000
 1.0000000
 1.0000000
 1.0000000
 1.0000000
 1.0000000
 1.0000000
 1.0000000
 1.0000000
 1.0000000
 1.0000000
 1.0000000
 1.0000000
 1.0000000
 1.0000000
 1.0000000
 1.0000000
 1.0000000
 1.0000000
 1.0000000
 1.0000000
 1.0000000
 1.0000000
 1.0000000
 1.0000000
 1.0000000
 1.0000000
 1.0000000
 1.0000000
 1.0000000
 1.0000000
 1.0000000
 1.0000000
 1.0000000
 1.0000000
 1.0000000
 1.0000000
 1.0000000
 1.0000000
 1.0000000
 1.0000000
 1.0000000
 1.0000000
 1.0000000
 1.0000000
 1.0000000
 1.0000000
 1.0000000
 1.0000000
 1.0000000
 1.0000000
 1.0000000
 1.0000000
 1.0000000
 1.0000000
 1.0000000
 1.0000000
 1.0000000
 1.0000000
 1.0000000
 1.0000000
 1.0000000
 1.0000000
 1.0000000
 1.0000000
 1.0000000
 1.0000000
 1.0000000
 1.0000000
 1.0000000
 1.0000000
 1.0000000
 1.0000000
 1.0000000
 1.0000000
 1.0000000
 1.0000000
 1.0000000
 1.0000000
 1.0000000
 1.0000000
 1.0000000
 1.0000000
 1.0000000
 1.0000000
 1.0000000
 1.0000000
 1.0000000
 1.0000000
 1.0000000
 1.0000000
 1.0000000
 1.0000000
 1.0000000
 1.0000000
 1.0000000
 1.0000000
 1.0000000
 1.0000000
 1.0000000
 1.0000000
 1.0000000
 1.0000000
 1.0000000
 1.0000000
 1.0000000
 1.0000000
 1.0000000
 1.0000000
 1.0000000
 1.0000000
 1.0000000
 1.0000000
 1.0000000
 1.0000000
 1.0000000
 1.0000000
 1.0000000
 1.0000000
 1.0000000
 1.0000000
 1.0000000
 1.0000000
 1.0000000
 1.0000000
 1.0000000
 1.0000000
 1.0000000
 1.0000000
 1.0000000
 1.0000000
 1.0000000
 1.0000000
 1.0000000
 1.0000000
 1.0000000
 1.0000000
 1.0000000
 1.0000000
 1.0000000
 1.0000000
 1.0000000
 1.0000000
 1.0000000
 1.0000000
 1.0000000
 1.0000000
 1.0000000
 1.0000000
 1.0000000
 1.0000000
 1.0000000
 1.0000000
 1.0000000
 1.0000000
 1.0000000
 1.0000000
 1.0000000
 1.0000000
 1.0000000
 1.0000000
 1.0000000
 1.0000000
 1.0000000
 1.0000000
 1.0000000
 1.0000000
 1.0000000
 1.0000000
 1.0000000
 1.0000000
 1.0000000
 1.0000000
 1.0000000
 1.0000000
 1.0000000
 1.0000000
 1.0000000
 1.0000000
 1.0000000
 1.0000000
 1.0000000
 1.0000000
 1.0000000
 1.0000000
 1.0000000
 1.0000000
 1.0000000
 1.0000000
 1.0000000
 1.0000000
 1.0000000
 1.0000000
 1.0000000
 1.0000000
 1.0000000
 1.0000000
 1.0000000
 1.0000000
 1.0000000
 1.0000000
 1.0000000
 1.0000000
 1.0000000
 1.0000000
 1.0000000
 1.0000000
 1.0000000
 1.0000000
 1.0000000
 1.0000000
 1.0000000
 1.0000000
 1.0000000
 1.0000000
 1.0000000
 1.0000000
 1.0000000
 1.0000000
 1.0000000
 1.0000000
 1.0000000
 1.0000000
 1.0000000
 1.0000000
 1.0000000
 1.0000000
 1.0000000
 1.0000000
 1.0000000
 1.0000000
 1.0000000
 1.0000000
 1.0000000
 1.0000000
 1.0000000
 1.0000000
 1.0000000
 1.0000000
 1.0000000
 1.0000000
 1.0000000
 1.0000000
 1.0000000
 1.0000000
 1.0000000
 1.0000000
 1.0000000
 1.0000000
 1.0000000
 1.0000000
 1.0000000
 1.0000000
 1.0000000
 1.0000000
 1.0000000
 1.0000000
 1.0000000
 1.0000000
 1.0000000
 1.0000000
 1.0000000
 1.0000000
 1.0000000
 1.0000000
 1.0000000
 1.0000000
 1.0000000
 1.0000000
 1.0000000
 1.0000000
 1.0000000
 1.0000000
 1.0000000
 1.0000000
 1.0000000
 1.0000000
 1.0000000
 1.0000000
 1.0000000
 1.0000000
 1.0000000
 1.0000000
 1.0000000
 1.0000000
 1.0000000
 1.0000000
 1.0000000
 1.0000000
 1.0000000
 1.0000000
 1.0000000
 1.0000000
 1.0000000
 1.0000000
 1.0000000
 1.0000000
 1.0000000
 1.0000000
 1.0000000
 1.0000000
 1.0000000
 1.0000000
 1.0000000
 1.0000000
 1.0000000
 1.0000000
 1.0000000
 1.0000000
 1.0000000
 1.0000000
 1.0000000
 1.0000000
 1.0000000
 1.0000000
 1.0000000
 1.0000000
 1.0000000
 1.0000000
 1.0000000
 1.0000000
 1.0000000
 1.0000000
 1.0000000
 1.0000000
 1.0000000
 1.0000000
 1.0000000
 1.0000000
 1.0000000
 1.0000000
 1.0000000
 1.0000000
 1.0000000
 1.0000000
 1.0000000
 1.0000000
 1.0000000
 1.0000000
 1.0000000
 1.0000000
 1.0000000
 1.0000000
 1.0000000
 1.0000000
