 0.0000000
 0.0000000
 0.0000000
 0.0000000
 0.0000000
 0.0000000
 0.0000000
 0.0000000
 0.0000000
 0.0000000
 0.0000000
 0.0000000
 0.0000000
 0.0000000
 0.0000000
 0.0000000
 0.0000000
 0.0000000
 0.0000000
 0.0000000
 0.0000000
 0.0000000
 0.0000000
 0.0000000
 0.0000000
 0.0000000
 0.0000000
 0.0000000
 0.0000000
 0.0000000
 0.0000000
 0.0000000
 0.0000000
 0.0000000
 0.0000000
 0.0000000
 0.0000000
 0.0000000
 0.0000000
 0.0000157
 0.0000157
 0.0000314
 0.0000314
 0.0000627
 0.0000627
 0.0000784
 0.0000784
 0.0000941
 0.0000941
 0.0001098
 0.0001098
 0.0001254
 0.0001254
 0.0001411
 0.0001411
 0.0001725
 0.0001725
 0.0002038
 0.0002038
 0.0002509
 0.0002509
 0.0002822
 0.0002822
 0.0003763
 0.0003763
 0.0003920
 0.0003920
 0.0004704
 0.0004704
 0.0005488
 0.0005488
 0.0005802
 0.0005802
 0.0006429
 0.0006429
 0.0007056
 0.0007056
 0.0009095
 0.0009095
 0.0011290
 0.0011290
 0.0015994
 0.0015994
 0.0018346
 0.0018346
 0.0021325
 0.0021325
 0.0057390
 0.0057390
 0.0159313
 0.0159626
 0.0291028
 0.0291028
 0.0339480
 0.0339794
 0.0367862
 0.0368175
 0.0398125
 0.0398438
 0.0489071
 0.0489384
 0.0543482
 0.0543795
 0.0568257
 0.0568570
 0.0593502
 0.0593816
 0.0648383
 0.0648697
 0.0650265
 0.0650579
 0.0802365
 0.0802678
 0.0834196
 0.0834509
 0.0881080
 0.0881394
 0.0893468
 0.0893781
 0.0982062
 0.0982375
 0.0989275
 0.0989588
 0.1071440
 0.1071753
 0.1081162
 0.1081475
 0.1081632
 0.1081946
 0.1089629
 0.1089943
 0.1171010
 0.1171324
 0.1176655
 0.1176969
 0.1178066
 0.1178380
 0.1179164
 0.1179478
 0.1187161
 0.1187475
 0.1219933
 0.1220246
 0.1225107
 0.1225421
 0.1251921
 0.1252234
 0.1283282
 0.1283595
 0.1288770
 0.1289083
 0.1298021
 0.1298648
 0.1314799
 0.1315113
 0.1334400
 0.1334713
 0.1338163
 0.1338476
 0.1340045
 0.1340358
 0.1342710
 0.1343024
 0.1394455
 0.1394769
 0.1455452
 0.1455766
 0.1476464
 0.1476777
 0.1480541
 0.1480854
 0.1488694
 0.1489008
 0.1498416
 0.1498730
 0.1505316
 0.1505629
 0.1507197
 0.1507511
 0.1531815
 0.1532129
 0.1550005
 0.1550318
 0.1560197
 0.1560511
 0.1565058
 0.1565371
 0.1572741
 0.1573055
 0.1587951
 0.1588265
 0.1598927
 0.1599241
 0.1601436
 0.1601750
 0.1610217
 0.1610531
 0.1614294
 0.1614608
 0.1619155
 0.1619469
 0.1648477
 0.1648791
 0.1651300
 0.1651614
 0.1663217
 0.1663531
 0.1672782
 0.1673096
 0.1683445
 0.1683758
 0.1698655
 0.1698968
 0.1703986
 0.1704300
 0.1708220
 0.1708533
 0.1708847
 0.1709160
 0.1714178
 0.1714492
 0.1714649
 0.1714962
 0.1731113
 0.1731427
 0.1774391
 0.1774704
 0.1780349
 0.1780663
 0.1784426
 0.1784740
 0.1789130
 0.1789444
 0.1794148
 0.1794462
 0.1806536
 0.1806849
 0.1807790
 0.1808104
 0.1817041
 0.1817355
 0.1820178
 0.1820491
 0.1829429
 0.1829743
 0.1839308
 0.1839621
 0.1882429
 0.1882742
 0.1905949
 0.1906263
 0.1915828
 0.1916141
 0.1946404
 0.1946718
 0.1976981
 0.1977295
 0.1979804
 0.1980117
 0.1980745
 0.1981058
 0.1984665
 0.1984978
 0.2100856
 0.2101170
 0.2136294
 0.2136607
 0.2150563
 0.2151033
 0.2152288
 0.2152601
 0.2165930
 0.2166243
 0.2178944
 0.2179258
 0.2194938
 0.2195252
 0.2216420
 0.2216734
 0.2221281
 0.2221595
 0.2244332
 0.2244645
 0.2248408
 0.2248722
 0.2259228
 0.2259542
 0.2266127
 0.2266441
 0.2280710
 0.2281024
 0.2286825
 0.2287139
 0.2289334
 0.2289648
 0.2300154
 0.2300467
 0.2303603
 0.2303917
 0.2305171
 0.2305485
 0.2315364
 0.2315677
 0.2315834
 0.2316148
 0.2321165
 0.2321479
 0.2324929
 0.2325399
 0.2340609
 0.2340923
 0.2345000
 0.2345313
 0.2362562
 0.2362875
 0.2364757
 0.2365070
 0.2376360
 0.2376674
 0.2392668
 0.2392981
 0.2405683
 0.2405996
 0.2412739
 0.2413052
 0.2446608
 0.2446922
 0.2502587
 0.2502901
 0.2508389
 0.2508703
 0.2512309
 0.2512623
 0.2531910
 0.2532223
 0.2557312
 0.2557625
 0.2559193
 0.2559507
 0.2567818
 0.2568131
 0.2582871
 0.2583184
 0.2584596
 0.2584909
 0.2590711
 0.2591025
 0.2606235
 0.2606548
 0.2614702
 0.2615016
 0.2655628
 0.2655941
 0.2660175
 0.2660489
 0.2661429
 0.2661743
 0.2679462
 0.2679775
 0.2682284
 0.2682598
 0.2708784
 0.2709098
 0.2719290
 0.2719604
 0.2745790
 0.2746103
 0.2759118
 0.2759432
 0.2763665
 0.2763979
 0.2776053
 0.2776367
 0.2798789
 0.2799103
 0.2800828
 0.2801142
 0.2804121
 0.2804434
 0.2814313
 0.2814627
 0.2821996
 0.2822310
 0.2834698
 0.2835011
 0.2843949
 0.2844263
 0.2860257
 0.2860570
 0.2869508
 0.2869822
 0.2876094
 0.2876407
 0.2881425
 0.2881739
 0.2883620
 0.2883934
 0.2920312
 0.2920626
 0.2922351
 0.2922664
 0.2928309
 0.2928623
 0.2967824
 0.2968137
 0.2970803
 0.2971117
 0.2995421
 0.2995735
 0.3027252
 0.3027880
 0.3043717
 0.3044030
 0.3064415
 0.3064729
 0.3083075
 0.3083388
 0.3098912
 0.3099225
 0.3102832
 0.3103145
 0.3119767
 0.3120080
 0.3126039
 0.3126352
 0.3132781
 0.3133095
 0.3136231
 0.3136545
 0.3140778
 0.3141092
 0.3144228
 0.3144542
 0.3151284
 0.3151598
 0.3182018
 0.3182331
 0.3187976
 0.3188290
 0.3206793
 0.3207106
 0.3209302
 0.3209615
 0.3212594
 0.3212908
 0.3219023
 0.3219337
 0.3228432
 0.3228745
 0.3231881
 0.3232195
 0.3234704
 0.3235017
 0.3239251
 0.3239565
 0.3244582
 0.3244896
 0.3256343
 0.3256656
 0.3277825
 0.3278138
 0.3283940
 0.3284254
 0.3313262
 0.3313576
 0.3325023
 0.3325336
 0.3325650
 0.3325964
 0.3336313
 0.3336626
 0.3344937
 0.3345250
 0.3346505
 0.3346818
 0.3351679
 0.3351993
 0.3354972
 0.3355286
 0.3378806
 0.3379120
 0.3389469
 0.3389783
 0.3391037
 0.3391351
 0.3398564
 0.3398877
 0.3404679
 0.3404993
 0.3423809
 0.3424123
 0.3424750
 0.3425064
 0.3449995
 0.3450309
 0.3476809
 0.3477122
 0.3480886
 0.3481199
 0.3508797
 0.3509110
 0.3528240
 0.3528554
 0.3535297
 0.3535610
 0.3536865
 0.3537178
 0.3537962
 0.3538276
 0.3539217
 0.3539530
 0.3545175
 0.3545489
 0.3547370
 0.3547684
 0.3550663
 0.3550977
 0.3554583
 0.3554897
 0.3563208
 0.3563521
 0.3594725
 0.3595039
 0.3595666
 0.3595980
 0.3603036
 0.3603349
 0.3658387
 0.3658701
 0.3666541
 0.3666855
 0.3700411
 0.3700724
 0.3727381
 0.3727695
 0.3732242
 0.3732556
 0.3735848
 0.3736162
 0.3738985
 0.3739298
 0.3769718
 0.3770032
 0.3787437
 0.3787750
 0.3793552
 0.3793866
 0.3799668
 0.3799981
 0.3800765
 0.3801079
 0.3804528
 0.3804842
 0.3815191
 0.3815505
 0.3822091
 0.3822404
 0.3832440
 0.3832753
 0.3832910
 0.3833224
 0.3845611
 0.3845925
 0.3849688
 0.3850002
 0.3869916
 0.3870229
 0.3872424
 0.3872738
 0.3876031
 0.3876345
 0.3917270
 0.3917584
 0.3923543
 0.3923856
 0.3963527
 0.3963841
 0.3969016
 0.3969329
 0.3970740
 0.3971054
 0.3988459
 0.3988773
 0.3994418
 0.3994731
 0.3995515
 0.3995829
 0.4000376
 0.4000690
 0.4013705
 0.4014018
 0.4022956
 0.4023270
 0.4025779
 0.4026092
 0.4036128
 0.4036441
 0.4037382
 0.4037696
 0.4043341
 0.4043654
 0.4057453
 0.4057766
 0.4069527
 0.4069840
 0.4070311
 0.4070624
 0.4074074
 0.4074388
 0.4087559
 0.4087873
 0.4112334
 0.4112648
 0.4162825
 0.4163139
 0.4164393
 0.4164707
 0.4169097
 0.4169411
 0.4170979
 0.4171292
 0.4183366
 0.4183680
 0.4188070
 0.4188384
 0.4196695
 0.4197008
 0.4203751
 0.4204064
 0.4206260
 0.4206573
 0.4236052
 0.4236366
 0.4247499
 0.4247813
 0.4271960
 0.4272274
 0.4275567
 0.4275880
 0.4292345
 0.4292658
 0.4300185
 0.4300499
 0.4316179
 0.4316493
 0.4320256
 0.4320570
 0.4329351
 0.4329664
 0.4333427
 0.4333741
 0.4333898
 0.4334211
 0.4343620
 0.4343933
 0.4353028
 0.4353341
 0.4354439
 0.4354753
 0.4361652
 0.4361966
 0.4368395
 0.4368708
 0.4372315
 0.4372628
 0.4399912
 0.4400226
 0.4402735
 0.4403048
 0.4412300
 0.4412613
 0.4434566
 0.4434879
 0.4440054
 0.4440368
 0.4466711
 0.4467024
 0.4475021
 0.4475335
 0.4479255
 0.4479568
 0.4481293
 0.4481607
 0.4482077
 0.4482391
 0.4493367
 0.4493681
 0.4521435
 0.4521749
 0.4524728
 0.4525042
 0.4528805
 0.4529118
 0.4537429
 0.4537743
 0.4543388
 0.4543701
 0.4545896
 0.4546210
 0.4554834
 0.4555148
 0.4567692
 0.4568006
 0.4582118
 0.4582432
 0.4605325
 0.4605639
 0.4609716
 0.4610029
 0.4612381
 0.4612695
 0.4622573
 0.4622887
 0.4635118
 0.4635431
 0.4645467
 0.4645780
 0.4654875
 0.4655189
 0.4675730
 0.4676044
 0.4682629
 0.4682943
 0.4704111
 0.4704425
 0.4707404
 0.4707718
 0.4730768
 0.4731082
 0.4737824
 0.4738138
 0.4752250
 0.4752564
 0.4758052
 0.4758365
 0.4763226
 0.4763540
 0.4781416
 0.4781729
 0.4795842
 0.4796155
 0.4800075
 0.4800389
 0.4809640
 0.4809954
 0.4812933
 0.4813247
 0.4815756
 0.4816069
 0.4820773
 0.4821087
 0.4823753
 0.4824066
 0.4848528
 0.4848841
 0.4854173
 0.4854486
 0.4858563
 0.4858877
 0.4862954
 0.4863267
 0.4872205
 0.4872519
 0.4889140
 0.4889453
 0.4895882
 0.4896196
 0.4923637
 0.4923950
 0.4944805
 0.4945119
 0.5007370
 0.5007683
 0.5016621
 0.5017092
 0.5017405
 0.5021482
 0.5021796
 0.5049236
 0.5049864
 0.5060526
 0.5060840
 0.5103804
 0.5104118
 0.5113526
 0.5113839
 0.5128422
 0.5128736
 0.5129206
 0.5129520
 0.5137517
 0.5137830
 0.5176091
 0.5176404
 0.5181736
 0.5182049
 0.5201179
 0.5201493
 0.5207765
 0.5208392
 0.5211371
 0.5211685
 0.5213410
 0.5213723
 0.5215762
 0.5216076
 0.5220936
 0.5221250
 0.5237244
 0.5237558
 0.5238185
 0.5238498
 0.5245711
 0.5246025
 0.5248377
 0.5248691
 0.5258726
 0.5259040
 0.5259510
 0.5259824
 0.5261862
 0.5262176
 0.5262646
 0.5262960
 0.5265469
 0.5265782
 0.5267037
 0.5267350
 0.5272368
 0.5272682
 0.5293537
 0.5293850
 0.5295889
 0.5296202
 0.5303102
 0.5303415
 0.5304670
 0.5304983
 0.5307178
 0.5307492
 0.5307806
 0.5308119
 0.5310315
 0.5310785
 0.5327249
 0.5327563
 0.5334149
 0.5334462
 0.5349829
 0.5350143
 0.5353592
 0.5353906
 0.5376329
 0.5376643
 0.5383855
 0.5384169
 0.5386208
 0.5386521
 0.5390755
 0.5391068
 0.5393264
 0.5393577
 0.5409571
 0.5409885
 0.5414432
 0.5414746
 0.5442343
 0.5442657
 0.5453790
 0.5454104
 0.5454417
 0.5454731
 0.5458337
 0.5458651
 0.5459592
 0.5459905
 0.5472136
 0.5472450
 0.5490952
 0.5491266
 0.5518550
 0.5518863
 0.5538934
 0.5539248
 0.5551165
 0.5551479
 0.5566375
 0.5566689
 0.5595854
 0.5596168
 0.5605106
 0.5605419
 0.5606830
 0.5607144
 0.5617336
 0.5617650
 0.5657164
 0.5657478
 0.5661084
 0.5661398
 0.5665318
 0.5665632
 0.5683821
 0.5684135
 0.5685232
 0.5685546
 0.5703892
 0.5704205
 0.5710791
 0.5711418
 0.5711889
 0.5712202
 0.5745445
 0.5745758
 0.5770847
 0.5771161
 0.5779001
 0.5779314
 0.5781353
 0.5781667
 0.5789977
 0.5790291
 0.5806598
 0.5806912
 0.5811616
 0.5811930
 0.5816477
 0.5816791
 0.5818359
 0.5818672
 0.5829335
 0.5829962
 0.5839057
 0.5839370
 0.5846113
 0.5846426
 0.5849876
 0.5850190
 0.5850817
 0.5851131
 0.5855835
 0.5856148
 0.5869163
 0.5869477
 0.5896447
 0.5896760
 0.5899269
 0.5899583
 0.5915890
 0.5916204
 0.5919654
 0.5919967
 0.5923260
 0.5923574
 0.5940979
 0.5941293
 0.5942547
 0.5942861
 0.5949917
 0.5950231
 0.5952583
 0.5952896
 0.5978926
 0.5979553
 0.5980023
 0.5980337
 0.5980964
 0.5981278
 0.5985355
 0.5985668
 0.6007464
 0.6007777
 0.6014990
 0.6015304
 0.6019381
 0.6019695
 0.6037570
 0.6037884
 0.6039452
 0.6039765
 0.6046508
 0.6046822
 0.6050428
 0.6050742
 0.6062188
 0.6062502
 0.6065638
 0.6065952
 0.6071753
 0.6072067
 0.6082886
 0.6083200
 0.6085238
 0.6085552
 0.6091981
 0.6092295
 0.6104996
 0.6105309
 0.6107191
 0.6107505
 0.6113463
 0.6114090
 0.6131809
 0.6132123
 0.6149685
 0.6149998
 0.6151566
 0.6151880
 0.6173049
 0.6173362
 0.6200646
 0.6200960
 0.6206918
 0.6207232
 0.6216797
 0.6217110
 0.6225107
 0.6225421
 0.6233104
 0.6233418
 0.6239063
 0.6239377
 0.6243767
 0.6244081
 0.6255527
 0.6255841
 0.6256155
 0.6256468
 0.6285790
 0.6286104
 0.6302255
 0.6302568
 0.6321542
 0.6321855
 0.6324364
 0.6324678
 0.6338163
 0.6338476
 0.6340515
 0.6340985
 0.6344121
 0.6344435
 0.6370621
 0.6370935
 0.6400884
 0.6401198
 0.6416251
 0.6416565
 0.6440085
 0.6440399
 0.6441026
 0.6441340
 0.6456393
 0.6456706
 0.6472230
 0.6472544
 0.6496378
 0.6496691
 0.6497946
 0.6498259
 0.6523505
 0.6523818
 0.6526484
 0.6526798
 0.6545301
 0.6545614
 0.6553925
 0.6554552
 0.6564587
 0.6564901
 0.6579013
 0.6579327
 0.6580425
 0.6580738
 0.6585756
 0.6586070
 0.6587794
 0.6588108
 0.6588735
 0.6589049
 0.6606140
 0.6606454
 0.6616489
 0.6616803
 0.6657886
 0.6658199
 0.6674350
 0.6674664
 0.6682347
 0.6682661
 0.6701163
 0.6701634
 0.6705711
 0.6706024
 0.6713551
 0.6713865
 0.6727663
 0.6727977
 0.6732054
 0.6732367
 0.6733151
 0.6733465
 0.6760906
 0.6761219
 0.6778154
 0.6778468
 0.6787406
 0.6787719
 0.6824254
 0.6824725
 0.6881331
 0.6881645
 0.6896698
 0.6897011
 0.6898579
 0.6898893
 0.6917239
 0.6917553
 0.6926334
 0.6926647
 0.6969298
 0.6969611
 0.6973061
 0.6973375
 0.6974786
 0.6975100
 0.6986546
 0.6986860
 0.7018064
 0.7018377
 0.7019005
 0.7019475
 0.7037037
 0.7037351
 0.7068398
 0.7068711
 0.7149152
 0.7149465
 0.7156208
 0.7156521
 0.7176906
 0.7177220
 0.7179885
 0.7180199
 0.7180512
 0.7180826
 0.7191332
 0.7191645
 0.7224731
 0.7225045
 0.7230533
 0.7231160
 0.7231317
 0.7231630
 0.7239784
 0.7240098
 0.7244802
 0.7245116
 0.7273497
 0.7273811
 0.7274908
 0.7275222
 0.7281337
 0.7281651
 0.7293254
 0.7293568
 0.7310032
 0.7310346
 0.7322577
 0.7322890
 0.7331985
 0.7332298
 0.7358014
 0.7358328
 0.7360053
 0.7360366
 0.7383573
 0.7383887
 0.7398156
 0.7398470
 0.7400978
 0.7401292
 0.7413209
 0.7413523
 0.7437827
 0.7438141
 0.7440023
 0.7440336
 0.7446922
 0.7447236
 0.7468090
 0.7468404
 0.7472795
 0.7473108
 0.7485339
 0.7485652
 0.7506978
 0.7507291
 0.7512309
 0.7512623
 0.7515132
 0.7515445
 0.7536457
 0.7536770
 0.7542102
 0.7542415
 0.7569699
 0.7570013
 0.7572679
 0.7572992
 0.7610468
 0.7610782
 0.7615172
 0.7615486
 0.7632734
 0.7633048
 0.7633832
 0.7634146
 0.7646219
 0.7646533
 0.7654060
 0.7654373
 0.7656725
 0.7657039
 0.7680559
 0.7680873
 0.7687616
 0.7687929
 0.7691693
 0.7692006
 0.7704080
 0.7704394
 0.7729953
 0.7730266
 0.7739047
 0.7739361
 0.7744692
 0.7745006
 0.7765547
 0.7765861
 0.7777778
 0.7778091
 0.7832502
 0.7832816
 0.7842851
 0.7843165
 0.7865431
 0.7865745
 0.7866215
 0.7866529
 0.7873585
 0.7873898
 0.7874369
 0.7874682
 0.7877035
 0.7877348
 0.7885345
 0.7885659
 0.7886286
 0.7886600
 0.7891774
 0.7892088
 0.7904005
 0.7904318
 0.7906514
 0.7906827
 0.7909963
 0.7910277
 0.7914040
 0.7914354
 0.7923292
 0.7923605
 0.7925644
 0.7925957
 0.7991188
 0.7991501
 0.7998871
 0.7999185
 0.8030232
 0.8030545
 0.8052498
 0.8053125
 0.8112711
 0.8113024
 0.8147207
 0.8147521
 0.8170885
 0.8171512
 0.8182802
 0.8183115
 0.8183272
 0.8183586
 0.8198482
 0.8198796
 0.8203186
 0.8203500
 0.8206322
 0.8206636
 0.8215103
 0.8215417
 0.8217926
 0.8218239
 0.8236429
 0.8236742
 0.8239094
 0.8239408
 0.8239878
 0.8240192
 0.8259636
 0.8259949
 0.8278138
 0.8278452
 0.8289271
 0.8289585
 0.8332079
 0.8332393
 0.8349327
 0.8349641
 0.8353404
 0.8353718
 0.8372377
 0.8372691
 0.8378336
 0.8378650
 0.8402954
 0.8403268
 0.8434472
 0.8434785
 0.8450779
 0.8451093
 0.8454386
 0.8454699
 0.8463167
 0.8463480
 0.8466460
 0.8466773
 0.8469125
 0.8469439
 0.8475084
 0.8475397
 0.8484963
 0.8485276
 0.8493116
 0.8493430
 0.8496096
 0.8496409
 0.8528084
 0.8528397
 0.8532944
 0.8533258
 0.8573086
 0.8573400
 0.8597704
 0.8598018
 0.8614326
 0.8614639
 0.8619187
 0.8619500
 0.8659485
 0.8659799
 0.8677361
 0.8677674
 0.8707310
 0.8707624
 0.8709976
 0.8710289
 0.8710760
 0.8711073
 0.8750431
 0.8750745
 0.8758742
 0.8759055
 0.8782419
 0.8782733
 0.8789475
 0.8789789
 0.8811114
 0.8811428
 0.8829617
 0.8829931
 0.8915702
 0.8916016
 0.8940634
 0.8940948
 0.8947847
 0.8948161
 0.8959921
 0.8960235
 0.8973563
 0.8973877
 0.8980305
 0.8980619
 0.9014802
 0.9015116
 0.9054003
 0.9054317
 0.9069527
 0.9069840
 0.9075485
 0.9075799
 0.9140872
 0.9141186
 0.9166275
 0.9166588
 0.9191363
 0.9191677
 0.9220372
 0.9220686
 0.9233230
 0.9233543
 0.9265218
 0.9265531
 0.9308652
 0.9308966
 0.9313827
 0.9314141
 0.9322608
 0.9322922
 0.9379371
 0.9379685
 0.9425942
 0.9426255
 0.9476119
 0.9476432
 0.9477373
 0.9477687
 0.9497758
 0.9498071
 0.9512184
 0.9512497
 0.9580707
 0.9581020
 0.9604698
 0.9605011
 0.9706463
 0.9706777
 1.0000000
