 0.0000000
 0.0000000
 0.0000000
 0.0000000
 0.0000000
 0.0000000
 0.0000000
 0.0000000
 0.0000000
 0.0000000
 0.0000000
 0.0000000
 0.0000000
 0.0000000
 0.0000000
 0.0000000
 0.0000000
 0.0000000
 0.0000000
 0.0000000
 0.0000000
 0.0000000
 0.0000000
 0.0000000
 0.0000000
 0.0000000
 0.0000000
 0.0000000
 0.0000000
 0.0000000
 0.0000000
 0.0000000
 0.0000000
 0.0000000
 0.0000000
 0.0000000
 0.0000000
 0.0000000
 0.0144725
 0.0144725
 0.0210084
 0.0219421
 0.2208217
 0.2301587
 0.2483660
 0.2665733
 0.2805789
 0.2815126
 0.3053221
 0.3076564
 0.3137255
 0.3146592
 0.3295985
 0.3314659
 0.3482726
 0.3534080
 0.3706816
 0.3734827
 0.4131653
 0.4346405
 0.4486461
 0.4612512
 0.4635854
 0.4911298
 0.4920635
 0.4976657
 0.5042017
 0.5172736
 0.5242764
 0.5322129
 0.5336134
 0.5387488
 0.5443511
 0.5569561
 0.5611578
 0.5718954
 0.5732960
 0.5952381
 0.5980392
 0.6274510
 0.6274510
 0.6493931
 0.6503268
 0.6596639
 0.6615313
 0.6769374
 0.6769374
 0.7707750
 0.7707750
 0.8440710
 0.8440710
 0.8767507
 0.8767507
 0.8856209
 0.8856209
 0.8921569
 0.8921569
 0.8949580
 0.8949580
 0.9098973
 0.9098973
 0.9150327
 0.9150327
 0.9169001
 0.9173669
 0.9215686
 0.9215686
 0.9257703
 0.9257703
 0.9257703
 0.9257703
 0.9360411
 0.9360411
 0.9393091
 0.9393091
 0.9421102
 0.9421102
 0.9425770
 0.9425770
 0.9453782
 0.9453782
 0.9453782
 0.9453782
 0.9495798
 0.9495798
 0.9500467
 0.9500467
 0.9500467
 0.9500467
 0.9509804
 0.9514472
 0.9542484
 0.9542484
 0.9547152
 0.9547152
 0.9547152
 0.9547152
 0.9547152
 0.9547152
 0.9551821
 0.9551821
 0.9565826
 0.9565826
 0.9565826
 0.9565826
 0.9575163
 0.9575163
 0.9593838
 0.9593838
 0.9593838
 0.9593838
 0.9593838
 0.9593838
 0.9607843
 0.9607843
 0.9612512
 0.9612512
 0.9612512
 0.9612512
 0.9617180
 0.9617180
 0.9617180
 0.9617180
 0.9640523
 0.9640523
 0.9654528
 0.9654528
 0.9654528
 0.9654528
 0.9654528
 0.9654528
 0.9654528
 0.9654528
 0.9654528
 0.9654528
 0.9654528
 0.9654528
 0.9654528
 0.9654528
 0.9663866
 0.9663866
 0.9668534
 0.9668534
 0.9668534
 0.9668534
 0.9673203
 0.9673203
 0.9673203
 0.9673203
 0.9673203
 0.9673203
 0.9673203
 0.9673203
 0.9673203
 0.9673203
 0.9673203
 0.9677871
 0.9677871
 0.9677871
 0.9677871
 0.9677871
 0.9691877
 0.9691877
 0.9691877
 0.9691877
 0.9696545
 0.9696545
 0.9696545
 0.9696545
 0.9696545
 0.9696545
 0.9696545
 0.9696545
 0.9696545
 0.9696545
 0.9696545
 0.9696545
 0.9696545
 0.9696545
 0.9696545
 0.9696545
 0.9696545
 0.9696545
 0.9696545
 0.9696545
 0.9701214
 0.9701214
 0.9701214
 0.9701214
 0.9701214
 0.9701214
 0.9701214
 0.9701214
 0.9701214
 0.9701214
 0.9701214
 0.9701214
 0.9701214
 0.9701214
 0.9701214
 0.9701214
 0.9705882
 0.9705882
 0.9705882
 0.9705882
 0.9705882
 0.9705882
 0.9710551
 0.9710551
 0.9715219
 0.9715219
 0.9724556
 0.9724556
 0.9724556
 0.9724556
 0.9724556
 0.9724556
 0.9724556
 0.9724556
 0.9724556
 0.9724556
 0.9724556
 0.9724556
 0.9733894
 0.9733894
 0.9738562
 0.9738562
 0.9738562
 0.9738562
 0.9738562
 0.9738562
 0.9738562
 0.9738562
 0.9743231
 0.9743231
 0.9743231
 0.9743231
 0.9743231
 0.9743231
 0.9743231
 0.9743231
 0.9743231
 0.9743231
 0.9743231
 0.9743231
 0.9743231
 0.9743231
 0.9743231
 0.9743231
 0.9747899
 0.9747899
 0.9747899
 0.9747899
 0.9747899
 0.9747899
 0.9747899
 0.9747899
 0.9747899
 0.9747899
 0.9747899
 0.9747899
 0.9747899
 0.9747899
 0.9747899
 0.9747899
 0.9747899
 0.9747899
 0.9747899
 0.9747899
 0.9747899
 0.9747899
 0.9747899
 0.9747899
 0.9747899
 0.9747899
 0.9747899
 0.9747899
 0.9752568
 0.9752568
 0.9757236
 0.9757236
 0.9757236
 0.9757236
 0.9757236
 0.9757236
 0.9757236
 0.9757236
 0.9761905
 0.9761905
 0.9761905
 0.9761905
 0.9761905
 0.9761905
 0.9761905
 0.9761905
 0.9761905
 0.9761905
 0.9761905
 0.9761905
 0.9761905
 0.9761905
 0.9766573
 0.9766573
 0.9766573
 0.9766573
 0.9766573
 0.9766573
 0.9766573
 0.9766573
 0.9771242
 0.9771242
 0.9789916
 0.9789916
 0.9789916
 0.9789916
 0.9789916
 0.9789916
 0.9799253
 0.9799253
 0.9799253
 0.9799253
 0.9799253
 0.9799253
 0.9808590
 0.9808590
 0.9808590
 0.9808590
 0.9808590
 0.9808590
 0.9808590
 0.9808590
 0.9813259
 0.9813259
 0.9813259
 0.9813259
 0.9813259
 0.9813259
 0.9813259
 0.9813259
 0.9813259
 0.9813259
 0.9813259
 0.9813259
 0.9813259
 0.9813259
 0.9813259
 0.9813259
 0.9817927
 0.9817927
 0.9817927
 0.9817927
 0.9817927
 0.9817927
 0.9817927
 0.9817927
 0.9817927
 0.9817927
 0.9822596
 0.9822596
 0.9822596
 0.9822596
 0.9827264
 0.9827264
 0.9827264
 0.9827264
 0.9827264
 0.9827264
 0.9827264
 0.9827264
 0.9827264
 0.9827264
 0.9827264
 0.9827264
 0.9827264
 0.9827264
 0.9827264
 0.9827264
 0.9827264
 0.9827264
 0.9827264
 0.9827264
 0.9827264
 0.9827264
 0.9827264
 0.9827264
 0.9827264
 0.9827264
 0.9827264
 0.9827264
 0.9827264
 0.9827264
 0.9827264
 0.9827264
 0.9827264
 0.9827264
 0.9827264
 0.9827264
 0.9827264
 0.9827264
 0.9831933
 0.9831933
 0.9831933
 0.9831933
 0.9831933
 0.9831933
 0.9831933
 0.9831933
 0.9836601
 0.9836601
 0.9836601
 0.9836601
 0.9836601
 0.9836601
 0.9836601
 0.9836601
 0.9836601
 0.9836601
 0.9836601
 0.9836601
 0.9841270
 0.9841270
 0.9841270
 0.9841270
 0.9845938
 0.9845938
 0.9845938
 0.9845938
 0.9845938
 0.9845938
 0.9845938
 0.9845938
 0.9845938
 0.9845938
 0.9845938
 0.9845938
 0.9845938
 0.9845938
 0.9845938
 0.9845938
 0.9850607
 0.9850607
 0.9850607
 0.9850607
 0.9850607
 0.9850607
 0.9850607
 0.9850607
 0.9850607
 0.9850607
 0.9850607
 0.9850607
 0.9850607
 0.9850607
 0.9850607
 0.9850607
 0.9850607
 0.9850607
 0.9855275
 0.9855275
 0.9855275
 0.9855275
 0.9855275
 0.9855275
 0.9855275
 0.9855275
 0.9855275
 0.9855275
 0.9855275
 0.9855275
 0.9855275
 0.9855275
 0.9855275
 0.9855275
 0.9855275
 0.9855275
 0.9855275
 0.9855275
 0.9855275
 0.9855275
 0.9855275
 0.9855275
 0.9859944
 0.9859944
 0.9859944
 0.9859944
 0.9859944
 0.9859944
 0.9859944
 0.9859944
 0.9859944
 0.9859944
 0.9864613
 0.9864613
 0.9864613
 0.9864613
 0.9864613
 0.9864613
 0.9864613
 0.9864613
 0.9864613
 0.9864613
 0.9869281
 0.9869281
 0.9869281
 0.9869281
 0.9869281
 0.9869281
 0.9869281
 0.9869281
 0.9869281
 0.9869281
 0.9869281
 0.9869281
 0.9869281
 0.9869281
 0.9869281
 0.9869281
 0.9869281
 0.9869281
 0.9869281
 0.9869281
 0.9869281
 0.9869281
 0.9869281
 0.9869281
 0.9869281
 0.9869281
 0.9869281
 0.9869281
 0.9869281
 0.9869281
 0.9869281
 0.9869281
 0.9873950
 0.9873950
 0.9883287
 0.9883287
 0.9883287
 0.9883287
 0.9883287
 0.9883287
 0.9883287
 0.9883287
 0.9883287
 0.9883287
 0.9883287
 0.9883287
 0.9883287
 0.9883287
 0.9883287
 0.9883287
 0.9883287
 0.9883287
 0.9883287
 0.9883287
 0.9883287
 0.9883287
 0.9883287
 0.9883287
 0.9883287
 0.9883287
 0.9883287
 0.9883287
 0.9883287
 0.9883287
 0.9883287
 0.9883287
 0.9883287
 0.9883287
 0.9883287
 0.9883287
 0.9892624
 0.9897292
 0.9901961
 0.9901961
 0.9901961
 0.9901961
 0.9901961
 0.9901961
 0.9901961
 0.9901961
 0.9901961
 0.9901961
 0.9906629
 0.9906629
 0.9906629
 0.9906629
 0.9906629
 0.9906629
 0.9906629
 0.9906629
 0.9906629
 0.9906629
 0.9911298
 0.9911298
 0.9911298
 0.9911298
 0.9911298
 0.9911298
 0.9911298
 0.9911298
 0.9911298
 0.9911298
 0.9911298
 0.9911298
 0.9911298
 0.9911298
 0.9911298
 0.9911298
 0.9911298
 0.9911298
 0.9911298
 0.9911298
 0.9911298
 0.9911298
 0.9911298
 0.9911298
 0.9911298
 0.9911298
 0.9911298
 0.9911298
 0.9911298
 0.9911298
 0.9911298
 0.9911298
 0.9920635
 0.9920635
 0.9920635
 0.9920635
 0.9920635
 0.9920635
 0.9920635
 0.9920635
 0.9920635
 0.9920635
 0.9920635
 0.9920635
 0.9920635
 0.9920635
 0.9920635
 0.9920635
 0.9920635
 0.9920635
 0.9920635
 0.9920635
 0.9920635
 0.9920635
 0.9920635
 0.9920635
 0.9920635
 0.9920635
 0.9920635
 0.9920635
 0.9920635
 0.9920635
 0.9920635
 0.9920635
 0.9920635
 0.9920635
 0.9920635
 0.9920635
 0.9920635
 0.9920635
 0.9920635
 0.9920635
 0.9920635
 0.9920635
 0.9920635
 0.9920635
 0.9920635
 0.9920635
 0.9920635
 0.9920635
 0.9920635
 0.9920635
 0.9920635
 0.9920635
 0.9920635
 0.9920635
 0.9920635
 0.9920635
 0.9920635
 0.9920635
 0.9920635
 0.9920635
 0.9920635
 0.9920635
 0.9920635
 0.9920635
 0.9925303
 0.9925303
 0.9925303
 0.9925303
 0.9925303
 0.9925303
 0.9925303
 0.9925303
 0.9925303
 0.9925303
 0.9925303
 0.9925303
 0.9925303
 0.9925303
 0.9925303
 0.9925303
 0.9925303
 0.9925303
 0.9925303
 0.9925303
 0.9925303
 0.9925303
 0.9925303
 0.9925303
 0.9925303
 0.9925303
 0.9929972
 0.9929972
 0.9929972
 0.9929972
 0.9929972
 0.9929972
 0.9929972
 0.9929972
 0.9929972
 0.9929972
 0.9929972
 0.9929972
 0.9929972
 0.9929972
 0.9929972
 0.9929972
 0.9934641
 0.9934641
 0.9934641
 0.9934641
 0.9934641
 0.9934641
 0.9934641
 0.9934641
 0.9934641
 0.9934641
 0.9934641
 0.9934641
 0.9934641
 0.9939309
 0.9939309
 0.9939309
 0.9939309
 0.9939309
 0.9939309
 0.9939309
 0.9939309
 0.9939309
 0.9939309
 0.9939309
 0.9939309
 0.9939309
 0.9939309
 0.9939309
 0.9939309
 0.9939309
 0.9939309
 0.9939309
 0.9939309
 0.9939309
 0.9939309
 0.9939309
 0.9939309
 0.9939309
 0.9939309
 0.9939309
 0.9939309
 0.9939309
 0.9939309
 0.9939309
 0.9939309
 0.9939309
 0.9939309
 0.9939309
 0.9939309
 0.9939309
 0.9939309
 0.9939309
 0.9939309
 0.9943978
 0.9943978
 0.9943978
 0.9943978
 0.9943978
 0.9943978
 0.9943978
 0.9943978
 0.9943978
 0.9943978
 0.9943978
 0.9943978
 0.9943978
 0.9943978
 0.9943978
 0.9943978
 0.9943978
 0.9943978
 0.9943978
 0.9943978
 0.9943978
 0.9943978
 0.9943978
 0.9943978
 0.9943978
 0.9943978
 0.9943978
 0.9943978
 0.9943978
 0.9943978
 0.9943978
 0.9943978
 0.9943978
 0.9943978
 0.9943978
 0.9943978
 0.9943978
 0.9943978
 0.9943978
 0.9943978
 0.9943978
 0.9943978
 0.9943978
 0.9943978
 0.9943978
 0.9943978
 0.9943978
 0.9943978
 0.9943978
 0.9943978
 0.9943978
 0.9943978
 0.9943978
 0.9943978
 0.9943978
 0.9943978
 0.9943978
 0.9943978
 0.9943978
 0.9943978
 0.9943978
 0.9943978
 0.9948646
 0.9948646
 0.9948646
 0.9948646
 0.9948646
 0.9948646
 0.9948646
 0.9948646
 0.9948646
 0.9948646
 0.9948646
 0.9948646
 0.9948646
 0.9948646
 0.9948646
 0.9948646
 0.9957983
 0.9957983
 0.9957983
 0.9957983
 0.9957983
 0.9957983
 0.9957983
 0.9957983
 0.9957983
 0.9957983
 0.9957983
 0.9957983
 0.9957983
 0.9957983
 0.9957983
 0.9957983
 0.9957983
 0.9957983
 0.9957983
 0.9957983
 0.9967320
 0.9967320
 0.9967320
 0.9967320
 0.9967320
 0.9967320
 0.9967320
 0.9967320
 0.9967320
 0.9967320
 0.9967320
 0.9967320
 0.9967320
 0.9967320
 0.9967320
 0.9967320
 0.9967320
 0.9967320
 0.9967320
 0.9967320
 0.9967320
 0.9967320
 0.9967320
 0.9967320
 0.9967320
 0.9967320
 0.9967320
 0.9967320
 0.9967320
 0.9967320
 0.9967320
 0.9967320
 0.9967320
 0.9967320
 0.9967320
 0.9967320
 0.9967320
 0.9967320
 0.9967320
 0.9967320
 0.9967320
 0.9967320
 0.9967320
 0.9967320
 0.9967320
 0.9967320
 0.9967320
 0.9967320
 0.9967320
 0.9967320
 0.9967320
 0.9967320
 0.9967320
 0.9967320
 0.9967320
 0.9967320
 0.9967320
 0.9967320
 0.9967320
 0.9967320
 0.9967320
 0.9967320
 0.9967320
 0.9967320
 0.9967320
 0.9967320
 0.9971989
 0.9971989
 0.9971989
 0.9971989
 0.9971989
 0.9971989
 0.9971989
 0.9971989
 0.9971989
 0.9971989
 0.9971989
 0.9971989
 0.9971989
 0.9971989
 0.9971989
 0.9971989
 0.9971989
 0.9971989
 0.9971989
 0.9971989
 0.9971989
 0.9971989
 0.9971989
 0.9971989
 0.9971989
 0.9971989
 0.9971989
 0.9971989
 0.9971989
 0.9971989
 0.9971989
 0.9971989
 0.9971989
 0.9971989
 0.9971989
 0.9971989
 0.9971989
 0.9971989
 0.9971989
 0.9971989
 0.9971989
 0.9971989
 0.9971989
 0.9971989
 0.9971989
 0.9971989
 0.9971989
 0.9971989
 0.9971989
 0.9971989
 0.9971989
 0.9971989
 0.9971989
 0.9971989
 0.9971989
 0.9971989
 0.9976657
 0.9976657
 0.9976657
 0.9976657
 0.9976657
 0.9976657
 0.9976657
 0.9976657
 0.9976657
 0.9976657
 0.9976657
 0.9976657
 0.9976657
 0.9976657
 0.9976657
 0.9976657
 0.9976657
 0.9976657
 0.9976657
 0.9976657
 0.9976657
 0.9976657
 0.9976657
 0.9976657
 0.9976657
 0.9976657
 0.9976657
 0.9976657
 0.9976657
 0.9976657
 0.9976657
 0.9976657
 0.9976657
 0.9976657
 0.9976657
 0.9976657
 0.9976657
 0.9976657
 0.9976657
 0.9976657
 0.9981326
 0.9981326
 0.9981326
 0.9981326
 0.9981326
 0.9981326
 0.9981326
 0.9981326
 0.9981326
 0.9981326
 0.9981326
 0.9981326
 0.9981326
 0.9981326
 0.9981326
 0.9981326
 0.9981326
 0.9981326
 0.9981326
 0.9981326
 0.9981326
 0.9981326
 0.9981326
 0.9981326
 0.9981326
 0.9981326
 0.9981326
 0.9981326
 0.9981326
 0.9981326
 0.9981326
 0.9981326
 0.9981326
 0.9981326
 0.9981326
 0.9981326
 0.9981326
 0.9981326
 0.9981326
 0.9981326
 0.9981326
 0.9981326
 0.9981326
 0.9981326
 0.9981326
 0.9981326
 0.9981326
 0.9981326
 0.9981326
 0.9981326
 0.9981326
 0.9981326
 0.9981326
 0.9981326
 0.9981326
 0.9981326
 0.9981326
 0.9981326
 0.9981326
 0.9981326
 0.9981326
 0.9981326
 0.9981326
 0.9981326
 0.9981326
 0.9981326
 0.9981326
 0.9981326
 0.9981326
 0.9981326
 0.9981326
 0.9981326
 0.9981326
 0.9981326
 0.9981326
 0.9981326
 0.9981326
 0.9981326
 0.9981326
 0.9981326
 0.9981326
 0.9981326
 0.9981326
 0.9981326
 0.9981326
 0.9981326
 0.9981326
 0.9981326
 0.9981326
 0.9981326
 0.9981326
 0.9981326
 0.9981326
 0.9981326
 0.9981326
 0.9981326
 0.9981326
 0.9981326
 0.9981326
 0.9981326
 0.9981326
 0.9981326
 0.9981326
 0.9981326
 0.9981326
 0.9981326
 0.9981326
 0.9981326
 0.9981326
 0.9981326
 0.9981326
 0.9981326
 0.9981326
 0.9981326
 0.9981326
 0.9981326
 0.9981326
 0.9981326
 0.9981326
 0.9981326
 0.9981326
 0.9981326
 0.9981326
 0.9981326
 0.9981326
 0.9981326
 0.9981326
 0.9981326
 0.9981326
 0.9981326
 0.9981326
 0.9981326
 0.9981326
 0.9981326
 0.9981326
 0.9981326
 0.9981326
 0.9981326
 0.9981326
 0.9981326
 0.9981326
 0.9981326
 0.9981326
 0.9981326
 0.9981326
 0.9981326
 0.9981326
 0.9981326
 0.9981326
 0.9981326
 0.9981326
 0.9981326
 0.9981326
 0.9981326
 0.9981326
 0.9981326
 0.9981326
 0.9981326
 0.9981326
 0.9981326
 0.9981326
 0.9981326
 0.9981326
 0.9981326
 0.9981326
 0.9981326
 0.9981326
 0.9981326
 0.9981326
 0.9981326
 0.9981326
 0.9981326
 0.9981326
 0.9981326
 0.9981326
 0.9981326
 0.9981326
 0.9981326
 0.9981326
 0.9981326
 0.9981326
 0.9981326
 0.9981326
 0.9981326
 0.9985994
 0.9985994
 0.9985994
 0.9985994
 0.9985994
 0.9985994
 0.9985994
 0.9985994
 0.9985994
 0.9985994
 0.9985994
 0.9985994
 0.9985994
 0.9985994
 0.9990663
 0.9990663
 0.9990663
 0.9990663
 0.9990663
 0.9990663
 0.9995331
 0.9995331
 0.9995331
 0.9995331
 0.9995331
 0.9995331
 0.9995331
 0.9995331
 0.9995331
 0.9995331
 0.9995331
 0.9995331
 0.9995331
 0.9995331
 0.9995331
 0.9995331
 0.9995331
 0.9995331
 0.9995331
 0.9995331
 0.9995331
 0.9995331
 0.9995331
 0.9995331
 0.9995331
 0.9995331
 0.9995331
 0.9995331
 0.9995331
 0.9995331
 0.9995331
 0.9995331
 0.9995331
 0.9995331
 0.9995331
 0.9995331
 0.9995331
 0.9995331
 0.9995331
 0.9995331
 0.9995331
 0.9995331
 0.9995331
 0.9995331
 0.9995331
 0.9995331
 0.9995331
 0.9995331
 0.9995331
 0.9995331
 0.9995331
 0.9995331
 0.9995331
 0.9995331
 0.9995331
 0.9995331
 0.9995331
 0.9995331
 0.9995331
 0.9995331
 0.9995331
 0.9995331
 0.9995331
 0.9995331
 0.9995331
 0.9995331
 0.9995331
 0.9995331
 0.9995331
 0.9995331
 0.9995331
 0.9995331
 0.9995331
 0.9995331
 0.9995331
 0.9995331
 0.9995331
 0.9995331
 0.9995331
 0.9995331
 1.0000000
 1.0000000
 1.0000000
 1.0000000
 1.0000000
 1.0000000
 1.0000000
 1.0000000
 1.0000000
 1.0000000
 1.0000000
 1.0000000
 1.0000000
 1.0000000
 1.0000000
 1.0000000
 1.0000000
 1.0000000
 1.0000000
 1.0000000
 1.0000000
 1.0000000
 1.0000000
 1.0000000
 1.0000000
 1.0000000
 1.0000000
 1.0000000
 1.0000000
 1.0000000
 1.0000000
 1.0000000
 1.0000000
 1.0000000
 1.0000000
 1.0000000
 1.0000000
 1.0000000
 1.0000000
 1.0000000
 1.0000000
 1.0000000
 1.0000000
 1.0000000
 1.0000000
 1.0000000
 1.0000000
 1.0000000
 1.0000000
 1.0000000
 1.0000000
 1.0000000
 1.0000000
 1.0000000
 1.0000000
 1.0000000
 1.0000000
 1.0000000
 1.0000000
 1.0000000
 1.0000000
 1.0000000
 1.0000000
 1.0000000
 1.0000000
 1.0000000
 1.0000000
 1.0000000
 1.0000000
