 0.0000000
 0.0000000
 0.0000000
 0.0000000
 0.0000000
 0.0000000
 0.0000000
 0.0000000
 0.0000000
 0.0000000
 0.0000000
 0.0000000
 0.0000000
 0.0000000
 0.0000000
 0.0000000
 0.0000000
 0.0000000
 0.0000000
 0.0000000
 0.0000000
 0.0000000
 0.0000000
 0.0000000
 0.0000000
 0.0000000
 0.0000000
 0.0000000
 0.0000000
 0.0000000
 0.0000000
 0.0000000
 0.0000000
 0.0000000
 0.0000000
 0.0000000
 0.0000000
 0.0000000
 0.0151471
 0.0154567
 0.0194390
 0.0211399
 0.2127822
 0.2227722
 0.2444761
 0.2623937
 0.2786919
 0.2788786
 0.3027574
 0.3043622
 0.3118281
 0.3125881
 0.3284621
 0.3298341
 0.3465638
 0.3516536
 0.3751736
 0.3791035
 0.4160101
 0.4349518
 0.4473265
 0.4626634
 0.4645160
 0.4874872
 0.4882964
 0.4937841
 0.4991642
 0.5129356
 0.5189200
 0.5265658
 0.5289339
 0.5318253
 0.5366658
 0.5464330
 0.5506528
 0.5629698
 0.5640553
 0.5873177
 0.5903167
 0.6216420
 0.6223267
 0.6469442
 0.6482721
 0.6604759
 0.6618267
 0.6758827
 0.6762951
 0.7684616
 0.7684616
 0.8424021
 0.8424021
 0.8769426
 0.8769426
 0.8872917
 0.8872917
 0.8915883
 0.8915883
 0.8943273
 0.8943273
 0.9057747
 0.9057747
 0.9115404
 0.9115404
 0.9136957
 0.9137735
 0.9176736
 0.9176736
 0.9235975
 0.9235975
 0.9237142
 0.9237142
 0.9338371
 0.9338371
 0.9361688
 0.9361688
 0.9385949
 0.9385949
 0.9389217
 0.9389217
 0.9423671
 0.9423671
 0.9426161
 0.9426161
 0.9471818
 0.9471818
 0.9473374
 0.9473374
 0.9473374
 0.9473374
 0.9479339
 0.9481673
 0.9515244
 0.9515244
 0.9518901
 0.9518901
 0.9518901
 0.9518901
 0.9518901
 0.9518901
 0.9520768
 0.9520768
 0.9533763
 0.9533763
 0.9533763
 0.9533763
 0.9545745
 0.9545745
 0.9555471
 0.9555471
 0.9556405
 0.9556405
 0.9559323
 0.9559323
 0.9567493
 0.9567493
 0.9573601
 0.9573601
 0.9573601
 0.9573601
 0.9574768
 0.9574768
 0.9575935
 0.9576519
 0.9594823
 0.9594823
 0.9611967
 0.9611967
 0.9615332
 0.9615332
 0.9617433
 0.9617433
 0.9621324
 0.9621324
 0.9621324
 0.9621324
 0.9622880
 0.9622880
 0.9622880
 0.9622880
 0.9630427
 0.9630427
 0.9634784
 0.9634784
 0.9636185
 0.9636185
 0.9639161
 0.9639161
 0.9643674
 0.9643674
 0.9647876
 0.9647876
 0.9650910
 0.9650910
 0.9652077
 0.9652077
 0.9653245
 0.9654801
 0.9654801
 0.9654801
 0.9654801
 0.9655034
 0.9663049
 0.9663049
 0.9663049
 0.9663049
 0.9664216
 0.9664216
 0.9665383
 0.9665383
 0.9669429
 0.9669429
 0.9672230
 0.9672230
 0.9672230
 0.9672230
 0.9672230
 0.9672230
 0.9672230
 0.9672230
 0.9673786
 0.9673786
 0.9673786
 0.9674953
 0.9674953
 0.9674953
 0.9682423
 0.9682423
 0.9683357
 0.9683357
 0.9683357
 0.9683357
 0.9684290
 0.9684290
 0.9684290
 0.9684290
 0.9684290
 0.9684290
 0.9684290
 0.9684290
 0.9684290
 0.9684290
 0.9685224
 0.9686391
 0.9686391
 0.9686391
 0.9689115
 0.9689115
 0.9693550
 0.9693550
 0.9695884
 0.9695884
 0.9699541
 0.9699541
 0.9703431
 0.9703431
 0.9707711
 0.9707711
 0.9707711
 0.9707711
 0.9707711
 0.9707711
 0.9707711
 0.9707711
 0.9722028
 0.9722028
 0.9725218
 0.9725218
 0.9729575
 0.9729575
 0.9729575
 0.9729575
 0.9731909
 0.9731909
 0.9735022
 0.9735022
 0.9736772
 0.9736772
 0.9736772
 0.9736772
 0.9740040
 0.9740040
 0.9741908
 0.9741908
 0.9743075
 0.9743075
 0.9743075
 0.9743075
 0.9743075
 0.9743075
 0.9745876
 0.9745876
 0.9745876
 0.9745876
 0.9745876
 0.9745876
 0.9746810
 0.9746810
 0.9746810
 0.9746810
 0.9746810
 0.9746810
 0.9747329
 0.9747329
 0.9747329
 0.9747329
 0.9747329
 0.9747329
 0.9747912
 0.9747912
 0.9749079
 0.9749079
 0.9749079
 0.9749079
 0.9751180
 0.9751180
 0.9751180
 0.9751180
 0.9752218
 0.9752218
 0.9755875
 0.9755875
 0.9755875
 0.9755875
 0.9757042
 0.9757042
 0.9757042
 0.9757042
 0.9764589
 0.9764589
 0.9765756
 0.9765756
 0.9767312
 0.9767312
 0.9767779
 0.9767779
 0.9767779
 0.9767779
 0.9767779
 0.9767779
 0.9767779
 0.9767779
 0.9770114
 0.9770114
 0.9770114
 0.9770114
 0.9772448
 0.9772448
 0.9774549
 0.9774549
 0.9775716
 0.9775716
 0.9788087
 0.9788087
 0.9788087
 0.9788087
 0.9788087
 0.9788087
 0.9792912
 0.9792912
 0.9792912
 0.9792912
 0.9794468
 0.9794468
 0.9796958
 0.9796958
 0.9796958
 0.9796958
 0.9796958
 0.9796958
 0.9797995
 0.9797995
 0.9799162
 0.9799162
 0.9799162
 0.9799162
 0.9799162
 0.9799162
 0.9799162
 0.9799162
 0.9800038
 0.9800038
 0.9800038
 0.9800038
 0.9800038
 0.9800038
 0.9800038
 0.9800038
 0.9801905
 0.9801905
 0.9801905
 0.9801905
 0.9803072
 0.9803072
 0.9803072
 0.9803072
 0.9803072
 0.9803072
 0.9806729
 0.9806729
 0.9807896
 0.9807896
 0.9810231
 0.9810231
 0.9813732
 0.9813732
 0.9813732
 0.9813732
 0.9814899
 0.9814899
 0.9819308
 0.9819308
 0.9820346
 0.9820346
 0.9823458
 0.9823458
 0.9823458
 0.9823458
 0.9823458
 0.9823458
 0.9825792
 0.9825792
 0.9825792
 0.9825792
 0.9825792
 0.9825792
 0.9825792
 0.9825792
 0.9825792
 0.9825792
 0.9827349
 0.9827349
 0.9827349
 0.9828516
 0.9828516
 0.9828516
 0.9835674
 0.9835674
 0.9835674
 0.9835674
 0.9836063
 0.9836063
 0.9836063
 0.9836063
 0.9836063
 0.9836063
 0.9836063
 0.9836063
 0.9839954
 0.9839954
 0.9839954
 0.9839954
 0.9839954
 0.9839954
 0.9839954
 0.9839954
 0.9839954
 0.9839954
 0.9839954
 0.9839954
 0.9844233
 0.9844233
 0.9844233
 0.9844233
 0.9846956
 0.9846956
 0.9846956
 0.9846956
 0.9846956
 0.9846956
 0.9846956
 0.9846956
 0.9846956
 0.9846956
 0.9846956
 0.9846956
 0.9846956
 0.9846956
 0.9846956
 0.9846956
 0.9848124
 0.9848124
 0.9848124
 0.9848124
 0.9848124
 0.9848124
 0.9849680
 0.9849680
 0.9849680
 0.9849680
 0.9849680
 0.9849680
 0.9849680
 0.9849680
 0.9849680
 0.9849680
 0.9849680
 0.9849680
 0.9851430
 0.9851430
 0.9851430
 0.9851430
 0.9852987
 0.9852987
 0.9852987
 0.9852987
 0.9852987
 0.9852987
 0.9852987
 0.9852987
 0.9852987
 0.9852987
 0.9852987
 0.9852987
 0.9852987
 0.9852987
 0.9852987
 0.9852987
 0.9852987
 0.9852987
 0.9852987
 0.9852987
 0.9854958
 0.9854958
 0.9854958
 0.9854958
 0.9854958
 0.9854958
 0.9857681
 0.9857681
 0.9857681
 0.9857681
 0.9860716
 0.9860716
 0.9862272
 0.9862272
 0.9862272
 0.9862272
 0.9862564
 0.9862564
 0.9863731
 0.9863731
 0.9865676
 0.9865676
 0.9866610
 0.9866610
 0.9866610
 0.9866610
 0.9866610
 0.9866610
 0.9866610
 0.9866610
 0.9867543
 0.9867543
 0.9869489
 0.9869489
 0.9869489
 0.9869489
 0.9869489
 0.9869489
 0.9869489
 0.9869489
 0.9869489
 0.9869489
 0.9869489
 0.9869489
 0.9871823
 0.9871823
 0.9871823
 0.9871823
 0.9871823
 0.9871823
 0.9874546
 0.9876102
 0.9877269
 0.9877269
 0.9881549
 0.9881549
 0.9883520
 0.9883520
 0.9883520
 0.9883520
 0.9885076
 0.9885076
 0.9885076
 0.9885076
 0.9885076
 0.9885076
 0.9885076
 0.9885076
 0.9887177
 0.9887177
 0.9887177
 0.9887177
 0.9887177
 0.9887177
 0.9887177
 0.9887177
 0.9887177
 0.9887177
 0.9887177
 0.9887177
 0.9887177
 0.9887177
 0.9887177
 0.9887177
 0.9887177
 0.9887177
 0.9887177
 0.9887177
 0.9888344
 0.9888344
 0.9892235
 0.9894569
 0.9900794
 0.9900794
 0.9900794
 0.9900794
 0.9900794
 0.9900794
 0.9900794
 0.9900794
 0.9900794
 0.9900794
 0.9901494
 0.9901494
 0.9901494
 0.9901494
 0.9901494
 0.9901494
 0.9901494
 0.9901494
 0.9903050
 0.9903050
 0.9904217
 0.9904217
 0.9905151
 0.9905151
 0.9906318
 0.9906318
 0.9906318
 0.9906318
 0.9906318
 0.9906318
 0.9906318
 0.9906318
 0.9906318
 0.9906318
 0.9906318
 0.9906318
 0.9906318
 0.9906318
 0.9906318
 0.9906318
 0.9906318
 0.9906318
 0.9906318
 0.9906318
 0.9906318
 0.9906318
 0.9906318
 0.9906318
 0.9906318
 0.9906318
 0.9906318
 0.9906318
 0.9909041
 0.9909041
 0.9909041
 0.9909041
 0.9910209
 0.9910209
 0.9911376
 0.9911376
 0.9911376
 0.9911376
 0.9911376
 0.9911376
 0.9911376
 0.9911376
 0.9911376
 0.9911376
 0.9911376
 0.9911376
 0.9911376
 0.9911376
 0.9911376
 0.9911376
 0.9912543
 0.9912543
 0.9912543
 0.9912543
 0.9912543
 0.9912543
 0.9912543
 0.9912543
 0.9912543
 0.9912543
 0.9912543
 0.9912543
 0.9912543
 0.9912543
 0.9916200
 0.9916200
 0.9917367
 0.9917367
 0.9918534
 0.9918534
 0.9918534
 0.9918534
 0.9918534
 0.9918534
 0.9918534
 0.9918534
 0.9918534
 0.9918534
 0.9918534
 0.9918534
 0.9918534
 0.9918534
 0.9918534
 0.9918534
 0.9918534
 0.9918534
 0.9920868
 0.9920868
 0.9920868
 0.9920868
 0.9920868
 0.9920868
 0.9924759
 0.9924759
 0.9924759
 0.9924759
 0.9924759
 0.9924759
 0.9924759
 0.9924759
 0.9925926
 0.9925926
 0.9925926
 0.9925926
 0.9925926
 0.9925926
 0.9925926
 0.9925926
 0.9925926
 0.9925926
 0.9925926
 0.9925926
 0.9925926
 0.9925926
 0.9925926
 0.9925926
 0.9928260
 0.9928260
 0.9930594
 0.9930594
 0.9930594
 0.9930594
 0.9931528
 0.9931528
 0.9931528
 0.9931528
 0.9931528
 0.9931528
 0.9931528
 0.9931528
 0.9931528
 0.9931528
 0.9931528
 0.9931528
 0.9935185
 0.9935185
 0.9935185
 0.9935185
 0.9935185
 0.9935185
 0.9935185
 0.9936741
 0.9936741
 0.9936741
 0.9936741
 0.9936741
 0.9936741
 0.9940243
 0.9940243
 0.9941410
 0.9941410
 0.9941410
 0.9941410
 0.9941410
 0.9941410
 0.9941410
 0.9941410
 0.9941410
 0.9941410
 0.9941410
 0.9941410
 0.9941410
 0.9941410
 0.9941410
 0.9941410
 0.9941410
 0.9941410
 0.9941410
 0.9941410
 0.9941410
 0.9941410
 0.9941410
 0.9941410
 0.9941410
 0.9941410
 0.9941410
 0.9941410
 0.9941410
 0.9941410
 0.9941410
 0.9941410
 0.9941410
 0.9941410
 0.9941410
 0.9941410
 0.9941410
 0.9941410
 0.9942577
 0.9942577
 0.9942577
 0.9942577
 0.9942577
 0.9942577
 0.9942577
 0.9942577
 0.9942577
 0.9942577
 0.9942577
 0.9942577
 0.9942577
 0.9942577
 0.9942577
 0.9942577
 0.9942577
 0.9942577
 0.9942577
 0.9942577
 0.9943744
 0.9943744
 0.9943744
 0.9943744
 0.9945658
 0.9945658
 0.9945658
 0.9945658
 0.9945658
 0.9945658
 0.9945658
 0.9945658
 0.9945658
 0.9945658
 0.9945658
 0.9945658
 0.9945658
 0.9945658
 0.9948926
 0.9948926
 0.9948926
 0.9948926
 0.9948926
 0.9948926
 0.9948926
 0.9948926
 0.9948926
 0.9948926
 0.9948926
 0.9948926
 0.9948926
 0.9948926
 0.9948926
 0.9948926
 0.9948926
 0.9948926
 0.9951261
 0.9951261
 0.9951261
 0.9951261
 0.9953750
 0.9953750
 0.9956085
 0.9956085
 0.9957641
 0.9957641
 0.9957641
 0.9957641
 0.9957641
 0.9957641
 0.9957641
 0.9957641
 0.9957641
 0.9957641
 0.9957641
 0.9957641
 0.9957641
 0.9957641
 0.9959944
 0.9959944
 0.9959944
 0.9959944
 0.9959944
 0.9959944
 0.9959944
 0.9959944
 0.9959944
 0.9959944
 0.9959944
 0.9959944
 0.9959944
 0.9959944
 0.9959944
 0.9959944
 0.9959944
 0.9959944
 0.9959944
 0.9959944
 0.9962045
 0.9962045
 0.9962045
 0.9962045
 0.9962045
 0.9962045
 0.9962045
 0.9962045
 0.9962045
 0.9962045
 0.9962045
 0.9962045
 0.9962045
 0.9962045
 0.9962045
 0.9962045
 0.9962045
 0.9962045
 0.9962045
 0.9962045
 0.9962045
 0.9962045
 0.9963212
 0.9963212
 0.9963212
 0.9963212
 0.9963212
 0.9963212
 0.9963212
 0.9963212
 0.9963212
 0.9963212
 0.9963212
 0.9963212
 0.9963212
 0.9963212
 0.9963212
 0.9963212
 0.9963212
 0.9963212
 0.9963212
 0.9963212
 0.9963212
 0.9963212
 0.9963212
 0.9963212
 0.9963212
 0.9963212
 0.9963212
 0.9963212
 0.9963212
 0.9963212
 0.9963212
 0.9963212
 0.9963212
 0.9963212
 0.9963212
 0.9963212
 0.9963212
 0.9963212
 0.9964379
 0.9964379
 0.9964379
 0.9964379
 0.9964379
 0.9964379
 0.9965546
 0.9965546
 0.9965546
 0.9965546
 0.9965546
 0.9965546
 0.9965546
 0.9965546
 0.9965546
 0.9965546
 0.9965546
 0.9965546
 0.9965546
 0.9965546
 0.9965546
 0.9965546
 0.9965546
 0.9965546
 0.9965546
 0.9965546
 0.9965546
 0.9965546
 0.9965780
 0.9965780
 0.9965780
 0.9965780
 0.9965780
 0.9965780
 0.9965780
 0.9965780
 0.9965780
 0.9965780
 0.9965780
 0.9965780
 0.9965780
 0.9965780
 0.9965780
 0.9965780
 0.9965780
 0.9965780
 0.9965780
 0.9965780
 0.9966947
 0.9966947
 0.9966947
 0.9966947
 0.9966947
 0.9966947
 0.9967694
 0.9967694
 0.9967694
 0.9967694
 0.9967694
 0.9967694
 0.9968627
 0.9968627
 0.9974463
 0.9974463
 0.9974463
 0.9974463
 0.9974463
 0.9974463
 0.9974463
 0.9974463
 0.9974463
 0.9974463
 0.9974463
 0.9974463
 0.9974463
 0.9974463
 0.9974463
 0.9974463
 0.9974463
 0.9974463
 0.9974463
 0.9974463
 0.9974463
 0.9974463
 0.9974463
 0.9974463
 0.9974463
 0.9974463
 0.9974463
 0.9974463
 0.9974463
 0.9974463
 0.9974463
 0.9974463
 0.9975630
 0.9975630
 0.9975630
 0.9975630
 0.9975630
 0.9975630
 0.9975630
 0.9975630
 0.9977933
 0.9977933
 0.9977933
 0.9977933
 0.9977933
 0.9977933
 0.9977933
 0.9977933
 0.9977933
 0.9977933
 0.9977933
 0.9977933
 0.9977933
 0.9977933
 0.9977933
 0.9977933
 0.9977933
 0.9977933
 0.9979490
 0.9979490
 0.9979490
 0.9979490
 0.9979490
 0.9979490
 0.9980423
 0.9980423
 0.9980423
 0.9980423
 0.9980423
 0.9980423
 0.9980423
 0.9980423
 0.9980423
 0.9980423
 0.9980423
 0.9980423
 0.9980423
 0.9980423
 0.9980423
 0.9980423
 0.9980423
 0.9980423
 0.9980423
 0.9980423
 0.9980423
 0.9980423
 0.9980423
 0.9980423
 0.9980423
 0.9980423
 0.9980423
 0.9980423
 0.9980423
 0.9980423
 0.9980423
 0.9980423
 0.9980423
 0.9980423
 0.9980423
 0.9980423
 0.9980423
 0.9980423
 0.9981170
 0.9981170
 0.9981170
 0.9981170
 0.9981170
 0.9981170
 0.9981170
 0.9981170
 0.9982104
 0.9982104
 0.9982104
 0.9982104
 0.9982104
 0.9982104
 0.9982104
 0.9982104
 0.9982104
 0.9982104
 0.9982104
 0.9982104
 0.9982104
 0.9982104
 0.9982104
 0.9982104
 0.9982104
 0.9982104
 0.9982104
 0.9982104
 0.9982104
 0.9982104
 0.9982104
 0.9982104
 0.9982104
 0.9982104
 0.9982104
 0.9982104
 0.9982104
 0.9982104
 0.9982104
 0.9982104
 0.9982104
 0.9982104
 0.9982104
 0.9982104
 0.9982104
 0.9982104
 0.9982104
 0.9982104
 0.9982104
 0.9982104
 0.9982104
 0.9982104
 0.9982104
 0.9982104
 0.9982104
 0.9982104
 0.9983038
 0.9983038
 0.9983038
 0.9983038
 0.9983038
 0.9983038
 0.9983038
 0.9983038
 0.9983971
 0.9983971
 0.9983971
 0.9983971
 0.9983971
 0.9983971
 0.9983971
 0.9983971
 0.9983971
 0.9983971
 0.9983971
 0.9983971
 0.9983971
 0.9983971
 0.9983971
 0.9983971
 0.9983971
 0.9983971
 0.9983971
 0.9983971
 0.9983971
 0.9983971
 0.9983971
 0.9983971
 0.9983971
 0.9983971
 0.9983971
 0.9983971
 0.9983971
 0.9983971
 0.9983971
 0.9983971
 0.9983971
 0.9983971
 0.9983971
 0.9983971
 0.9985138
 0.9985138
 0.9985138
 0.9985138
 0.9985138
 0.9985138
 0.9985138
 0.9985138
 0.9985138
 0.9985138
 0.9985138
 0.9985138
 0.9985138
 0.9985138
 0.9985138
 0.9985138
 0.9986306
 0.9986306
 0.9986306
 0.9986306
 0.9986306
 0.9986306
 0.9987473
 0.9987473
 0.9987473
 0.9987473
 0.9987473
 0.9987473
 0.9987473
 0.9987473
 0.9987473
 0.9987473
 0.9987473
 0.9987473
 0.9987473
 0.9987473
 0.9991363
 0.9991363
 0.9991363
 0.9991363
 0.9991363
 0.9991363
 0.9992297
 0.9992297
 0.9992297
 0.9992297
 0.9992297
 0.9992297
 0.9992297
 0.9992297
 0.9992297
 0.9992297
 0.9992297
 0.9992297
 0.9992297
 0.9992297
 0.9993231
 0.9993231
 0.9993231
 0.9993231
 0.9993231
 0.9993231
 0.9994164
 0.9994164
 0.9994164
 0.9994164
 0.9994164
 0.9994164
 0.9994164
 0.9994164
 0.9994164
 0.9994164
 0.9994164
 0.9994164
 0.9994164
 0.9994164
 0.9994164
 0.9994164
 0.9994164
 0.9994164
 0.9994164
 0.9994164
 0.9994164
 0.9994164
 0.9994164
 0.9994164
 0.9994164
 0.9994164
 0.9994164
 0.9994164
 0.9994164
 0.9994164
 0.9994164
 0.9994164
 0.9994164
 0.9994164
 0.9994164
 0.9994164
 0.9994164
 0.9994164
 0.9994164
 0.9994164
 0.9994164
 0.9994164
 0.9994164
 0.9994164
 0.9995331
 0.9995331
 0.9995331
 0.9995331
 0.9995331
 0.9995331
 0.9995331
 0.9995331
 0.9995331
 0.9995331
 0.9995331
 0.9995331
 0.9995331
 0.9995331
 0.9995331
 0.9995331
 0.9997666
 0.9997666
 0.9997666
 0.9997666
 0.9997666
 0.9997666
 0.9997666
 0.9997666
 0.9997666
 0.9997666
 0.9997666
 0.9997666
 0.9997666
 0.9997666
 0.9997666
 0.9997666
 0.9997666
 0.9997666
 0.9997666
 0.9997666
 0.9997666
 0.9997666
 0.9997666
 0.9997666
 0.9997666
 0.9997666
 1.0000000
 1.0000000
 1.0000000
 1.0000000
 1.0000000
 1.0000000
 1.0000000
 1.0000000
 1.0000000
 1.0000000
 1.0000000
 1.0000000
 1.0000000
 1.0000000
 1.0000000
 1.0000000
 1.0000000
 1.0000000
 1.0000000
 1.0000000
 1.0000000
 1.0000000
 1.0000000
 1.0000000
 1.0000000
 1.0000000
 1.0000000
 1.0000000
 1.0000000
 1.0000000
 1.0000000
 1.0000000
 1.0000000
 1.0000000
 1.0000000
 1.0000000
 1.0000000
 1.0000000
 1.0000000
 1.0000000
 1.0000000
 1.0000000
 1.0000000
