 0.0000000
 0.0000000
 0.0000000
 0.0000000
 0.0000000
 0.0000000
 0.0000000
 0.0000000
 0.0000000
 0.0000000
 0.0000000
 0.0000000
 0.0000000
 0.0000000
 0.0000000
 0.0000000
 0.0000000
 0.0000000
 0.0000000
 0.0000000
 0.0000000
 0.0000000
 0.0000000
 0.0000000
 0.0000000
 0.0000000
 0.0000000
 0.0000000
 0.0000000
 0.0000000
 0.0000000
 0.0000000
 0.0000000
 0.0000000
 0.0000778
 0.0000778
 0.0288611
 0.0291023
 0.2556213
 0.2567495
 0.2868271
 0.2970430
 0.6409323
 0.6494426
 0.6679767
 0.6831697
 0.6950017
 0.6952740
 0.7104920
 0.7122272
 0.7191977
 0.7201002
 0.7332383
 0.7345532
 0.7458449
 0.7489845
 0.7664131
 0.7679771
 0.7885928
 0.7983929
 0.8040593
 0.8115990
 0.8120658
 0.8246802
 0.8249292
 0.8288352
 0.8310294
 0.8360644
 0.8389045
 0.8439686
 0.8443608
 0.8470623
 0.8498323
 0.8542791
 0.8564266
 0.8612352
 0.8613286
 0.8726928
 0.8739814
 0.8873738
 0.8873738
 0.8985621
 0.8985621
 0.9048498
 0.9057524
 0.9104132
 0.9106622
 0.9428073
 0.9428073
 0.9701097
 0.9702653
 0.9816060
 0.9816060
 0.9826953
 0.9826953
 0.9838002
 0.9838002
 0.9847261
 0.9847261
 0.9889200
 0.9889200
 0.9902894
 0.9902894
 0.9906785
 0.9906785
 0.9912776
 0.9912776
 0.9918223
 0.9918223
 0.9918223
 0.9918223
 0.9933707
 0.9933707
 0.9938298
 0.9938298
 0.9940787
 0.9940787
 0.9942344
 0.9942344
 0.9955805
 0.9955805
 0.9956972
 0.9956972
 0.9962029
 0.9962029
 0.9963196
 0.9963196
 0.9963196
 0.9963196
 0.9964130
 0.9964130
 0.9967398
 0.9967398
 0.9967398
 0.9967398
 0.9967398
 0.9967398
 0.9967398
 0.9967398
 0.9969732
 0.9969732
 0.9969732
 0.9969732
 0.9969732
 0.9969732
 0.9969732
 0.9969732
 0.9969732
 0.9969732
 0.9969732
 0.9969732
 0.9969732
 0.9969732
 0.9969732
 0.9969732
 0.9971289
 0.9971289
 0.9971289
 0.9971289
 0.9971289
 0.9971289
 0.9971289
 0.9971289
 0.9974012
 0.9974012
 0.9974012
 0.9974012
 0.9974012
 0.9974012
 0.9974012
 0.9974012
 0.9974012
 0.9974012
 0.9974012
 0.9974012
 0.9974012
 0.9974012
 0.9974012
 0.9974012
 0.9975568
 0.9975568
 0.9975568
 0.9975568
 0.9975568
 0.9975568
 0.9975568
 0.9975568
 0.9975568
 0.9975568
 0.9975568
 0.9975568
 0.9976502
 0.9976502
 0.9976502
 0.9976502
 0.9977669
 0.9977669
 0.9977669
 0.9977669
 0.9977669
 0.9977669
 0.9977669
 0.9977669
 0.9977669
 0.9977669
 0.9977669
 0.9977669
 0.9977669
 0.9977669
 0.9977669
 0.9977669
 0.9977669
 0.9977669
 0.9977669
 0.9977669
 0.9977669
 0.9977669
 0.9977669
 0.9977669
 0.9977669
 0.9977669
 0.9977669
 0.9977669
 0.9978836
 0.9978836
 0.9980003
 0.9980003
 0.9980003
 0.9980003
 0.9980003
 0.9980003
 0.9981170
 0.9981170
 0.9981170
 0.9981170
 0.9982726
 0.9982726
 0.9982726
 0.9982726
 0.9982726
 0.9982726
 0.9982726
 0.9982726
 0.9982726
 0.9982726
 0.9982726
 0.9982726
 0.9983894
 0.9983894
 0.9983894
 0.9983894
 0.9983894
 0.9983894
 0.9983894
 0.9983894
 0.9986383
 0.9986383
 0.9986383
 0.9986383
 0.9986383
 0.9986383
 0.9986383
 0.9986383
 0.9987551
 0.9987551
 0.9987551
 0.9987551
 0.9987551
 0.9987551
 0.9987551
 0.9987551
 0.9987551
 0.9987551
 0.9987551
 0.9987551
 0.9987551
 0.9987551
 0.9987551
 0.9987551
 0.9987551
 0.9987551
 0.9987551
 0.9987551
 0.9987551
 0.9987551
 0.9987551
 0.9987551
 0.9987551
 0.9987551
 0.9987551
 0.9987551
 0.9987551
 0.9987551
 0.9987551
 0.9987551
 0.9987551
 0.9987551
 0.9987551
 0.9987551
 0.9987551
 0.9987551
 0.9987551
 0.9987551
 0.9987551
 0.9987551
 0.9987551
 0.9987551
 0.9987551
 0.9987551
 0.9987551
 0.9987551
 0.9987551
 0.9987551
 0.9987551
 0.9987551
 0.9987551
 0.9987551
 0.9987551
 0.9987551
 0.9987551
 0.9987551
 0.9987551
 0.9987551
 0.9987551
 0.9987551
 0.9987551
 0.9987551
 0.9988484
 0.9988484
 0.9988484
 0.9988484
 0.9988484
 0.9988484
 0.9988484
 0.9988484
 0.9988484
 0.9988484
 0.9988484
 0.9988484
 0.9988484
 0.9988484
 0.9988484
 0.9988484
 0.9988484
 0.9988484
 0.9988484
 0.9988484
 0.9988484
 0.9988484
 0.9988484
 0.9988484
 0.9989418
 0.9989418
 0.9989418
 0.9989418
 0.9989418
 0.9989418
 0.9989418
 0.9989418
 0.9989418
 0.9989418
 0.9989418
 0.9989418
 0.9989418
 0.9989418
 0.9989418
 0.9989418
 0.9989418
 0.9989418
 0.9989418
 0.9989418
 0.9989418
 0.9989418
 0.9989418
 0.9989418
 0.9989418
 0.9989418
 0.9989418
 0.9989418
 0.9989418
 0.9989418
 0.9989418
 0.9989418
 0.9989418
 0.9989418
 0.9989418
 0.9989418
 0.9989418
 0.9989418
 0.9989418
 0.9989418
 0.9989418
 0.9989418
 0.9989418
 0.9989418
 0.9989418
 0.9989418
 0.9989418
 0.9989418
 0.9989418
 0.9989418
 0.9989418
 0.9989418
 0.9989418
 0.9989418
 0.9989418
 0.9989418
 0.9989418
 0.9989418
 0.9989418
 0.9989418
 0.9989418
 0.9989418
 0.9989418
 0.9989418
 0.9989418
 0.9989418
 0.9991752
 0.9991752
 0.9991752
 0.9991752
 0.9991752
 0.9991752
 0.9991752
 0.9991752
 0.9991752
 0.9991752
 0.9991752
 0.9991752
 0.9991752
 0.9991752
 0.9991752
 0.9991752
 0.9991752
 0.9991752
 0.9993308
 0.9993308
 0.9994242
 0.9994242
 0.9994242
 0.9994242
 0.9994242
 0.9994242
 0.9994242
 0.9994242
 0.9994242
 0.9994242
 0.9994242
 0.9994242
 0.9994242
 0.9994242
 0.9994242
 0.9994242
 0.9994242
 0.9994242
 0.9994242
 0.9994242
 0.9994242
 0.9994242
 0.9994242
 0.9994242
 0.9994242
 0.9994242
 0.9994242
 0.9994242
 0.9994242
 0.9994242
 0.9994242
 0.9994242
 0.9994242
 0.9994242
 0.9994242
 0.9994242
 0.9994242
 0.9994242
 0.9994242
 0.9994242
 0.9994242
 0.9994242
 0.9994242
 0.9994242
 0.9994242
 0.9994242
 0.9994242
 0.9994242
 0.9994242
 0.9994242
 0.9994242
 0.9994242
 0.9994242
 0.9994242
 0.9994242
 0.9994242
 0.9994242
 0.9994242
 0.9994242
 0.9994242
 0.9994242
 0.9994242
 0.9994242
 0.9994242
 0.9994242
 0.9994242
 0.9994242
 0.9994242
 0.9994242
 0.9994242
 0.9994242
 0.9994242
 0.9994242
 0.9994242
 0.9994242
 0.9994242
 0.9994242
 0.9994242
 0.9994242
 0.9994242
 0.9994242
 0.9994242
 0.9994242
 0.9994242
 0.9994242
 0.9994242
 0.9994242
 0.9994242
 0.9994242
 0.9994242
 0.9994242
 0.9994242
 0.9994242
 0.9994242
 0.9995409
 0.9995409
 0.9995409
 0.9995409
 0.9995409
 0.9995409
 0.9995409
 0.9995409
 0.9995409
 0.9995409
 0.9995409
 0.9995409
 0.9995409
 0.9995409
 0.9995409
 0.9995409
 0.9995409
 0.9995409
 0.9995409
 0.9995409
 0.9995409
 0.9995409
 0.9995409
 0.9995409
 0.9995409
 0.9995409
 0.9995409
 0.9995409
 0.9995409
 0.9995409
 0.9995409
 0.9995409
 0.9995409
 0.9995409
 0.9995409
 0.9995409
 0.9995409
 0.9995409
 0.9995409
 0.9995409
 0.9995409
 0.9995409
 0.9996343
 0.9996343
 0.9996343
 0.9996343
 0.9996343
 0.9996343
 0.9996343
 0.9996343
 0.9996343
 0.9996343
 0.9996343
 0.9996343
 0.9996343
 0.9996343
 0.9996343
 0.9996343
 0.9997510
 0.9997510
 0.9997510
 0.9997510
 0.9997510
 0.9997510
 0.9997510
 0.9997510
 0.9997510
 0.9997510
 0.9997510
 0.9997510
 0.9997510
 0.9997510
 0.9997510
 0.9997510
 0.9997510
 0.9997510
 0.9997510
 0.9997510
 0.9997510
 0.9997510
 0.9997510
 0.9997510
 0.9997510
 0.9997510
 0.9997510
 0.9997510
 0.9997510
 0.9997510
 0.9997510
 0.9997510
 0.9997510
 0.9997510
 0.9997510
 0.9997510
 0.9997510
 0.9997510
 0.9997510
 0.9997510
 0.9997510
 0.9997510
 0.9997510
 0.9997510
 0.9997510
 0.9997510
 0.9997510
 0.9997510
 0.9997510
 0.9997510
 0.9997510
 0.9997510
 0.9997510
 0.9997510
 0.9997510
 0.9997510
 0.9997510
 0.9997510
 0.9997510
 0.9997510
 0.9997510
 0.9997510
 0.9997510
 0.9997510
 0.9997510
 0.9997510
 0.9997510
 0.9997510
 0.9997510
 0.9997510
 0.9997510
 0.9997510
 0.9997510
 0.9997510
 0.9997510
 0.9997510
 0.9997510
 0.9997510
 0.9997510
 0.9997510
 0.9997510
 0.9997510
 0.9997510
 0.9997510
 0.9997510
 0.9997510
 0.9997510
 0.9997510
 0.9997510
 0.9997510
 0.9997510
 0.9997510
 0.9997510
 0.9997510
 0.9997510
 0.9997510
 0.9997510
 0.9997510
 0.9997510
 0.9997510
 0.9997510
 0.9997510
 0.9997510
 0.9997510
 0.9997510
 0.9997510
 0.9997510
 0.9997510
 0.9997510
 0.9997510
 0.9997510
 0.9997510
 0.9997510
 0.9997510
 0.9997510
 0.9997510
 0.9997510
 0.9997510
 0.9997510
 0.9997510
 0.9997510
 0.9997510
 0.9997510
 0.9997510
 0.9997510
 0.9997510
 0.9997510
 0.9997510
 0.9997510
 0.9997510
 0.9997510
 0.9997510
 0.9997510
 0.9997510
 0.9997510
 0.9997510
 0.9997510
 0.9997510
 0.9997510
 0.9997510
 0.9997510
 0.9997510
 0.9997510
 0.9997510
 0.9997510
 0.9997510
 0.9997510
 0.9997510
 0.9997510
 0.9997510
 0.9997510
 0.9997510
 0.9997510
 0.9997510
 0.9997510
 0.9997510
 0.9997510
 0.9997510
 0.9997510
 0.9997510
 0.9997510
 0.9997510
 0.9997510
 0.9997510
 0.9997510
 0.9997510
 0.9997510
 0.9997510
 0.9997510
 0.9997510
 0.9997510
 0.9997510
 0.9997510
 0.9997510
 0.9997510
 0.9997510
 0.9997510
 0.9997510
 0.9997510
 0.9997510
 0.9997510
 0.9997510
 0.9997510
 0.9997510
 0.9997510
 0.9997510
 0.9997510
 0.9997510
 0.9997510
 0.9997510
 0.9997510
 0.9997510
 0.9997510
 0.9997510
 0.9997510
 0.9997510
 0.9997510
 0.9997510
 0.9997510
 0.9997510
 0.9997510
 0.9997510
 0.9997510
 0.9997510
 0.9997510
 0.9997510
 0.9997510
 0.9997510
 0.9997510
 0.9997510
 0.9997510
 0.9997510
 0.9997510
 0.9997510
 0.9997510
 0.9997510
 0.9997510
 0.9997510
 0.9997510
 0.9997510
 0.9997510
 0.9997510
 0.9997510
 0.9997510
 0.9997510
 0.9997510
 0.9997510
 0.9997510
 0.9997510
 0.9997510
 0.9997510
 0.9997510
 0.9997510
 0.9997510
 0.9997510
 0.9997510
 0.9997510
 0.9997510
 0.9997510
 0.9997510
 0.9997510
 0.9997510
 0.9997510
 0.9997510
 0.9997510
 0.9997510
 0.9997510
 0.9997510
 0.9997510
 0.9997510
 0.9997510
 0.9997510
 0.9997510
 0.9997510
 0.9997510
 0.9997510
 0.9997510
 0.9997510
 0.9997510
 0.9997510
 0.9997510
 0.9997510
 0.9997510
 0.9997510
 0.9997510
 0.9997510
 0.9997510
 0.9997510
 0.9997510
 0.9997510
 0.9997510
 0.9997510
 0.9997510
 0.9997510
 0.9997510
 0.9997510
 0.9997510
 0.9997510
 0.9997510
 0.9997510
 0.9997510
 0.9997510
 0.9997510
 0.9997510
 0.9997510
 0.9997510
 0.9997510
 0.9997510
 0.9997510
 0.9997510
 0.9997510
 0.9997510
 0.9997510
 0.9997510
 0.9997510
 0.9997510
 0.9997510
 0.9997510
 0.9997510
 0.9997510
 0.9997510
 0.9997510
 0.9997510
 0.9997510
 0.9997510
 0.9997510
 0.9997510
 0.9997510
 0.9997510
 0.9997510
 0.9997510
 0.9997510
 0.9997510
 0.9997510
 0.9997510
 0.9997510
 0.9997510
 0.9997510
 0.9997510
 0.9997510
 0.9997510
 0.9997510
 0.9997510
 0.9997510
 0.9997510
 0.9997510
 0.9997510
 0.9997510
 0.9997510
 0.9997510
 0.9997510
 0.9997510
 0.9997510
 0.9997510
 0.9997510
 0.9997510
 0.9997510
 0.9997510
 0.9997510
 0.9997510
 0.9997510
 0.9997510
 0.9997510
 0.9997510
 0.9997510
 0.9997510
 0.9997510
 0.9997510
 0.9997510
 0.9997510
 0.9997510
 0.9997510
 0.9997510
 0.9997510
 0.9997510
 0.9997510
 0.9997510
 0.9997510
 0.9997510
 0.9997510
 0.9997510
 0.9997510
 0.9997510
 0.9997510
 0.9997510
 0.9997510
 0.9997510
 0.9997510
 0.9997510
 0.9997510
 0.9997510
 0.9997510
 0.9997510
 0.9997510
 0.9997510
 0.9997510
 0.9997510
 0.9997510
 0.9997510
 0.9997510
 0.9997510
 0.9997510
 0.9997510
 0.9997510
 0.9997510
 0.9997510
 0.9997510
 0.9997510
 0.9997510
 0.9997510
 0.9997510
 0.9997510
 0.9997510
 0.9997510
 0.9997510
 0.9997510
 0.9997510
 0.9997510
 0.9997510
 0.9997510
 0.9997510
 0.9997510
 0.9997510
 0.9997510
 0.9997510
 0.9997510
 0.9997510
 0.9997510
 0.9997510
 0.9997510
 0.9997510
 0.9997510
 0.9997510
 0.9997510
 0.9997510
 0.9997510
 0.9997510
 0.9997510
 0.9997510
 0.9997510
 0.9997510
 0.9999066
 0.9999066
 0.9999066
 0.9999066
 0.9999066
 0.9999066
 0.9999066
 0.9999066
 0.9999066
 0.9999066
 0.9999066
 0.9999066
 0.9999066
 0.9999066
 0.9999066
 0.9999066
 0.9999066
 0.9999066
 0.9999066
 0.9999066
 0.9999066
 0.9999066
 0.9999066
 0.9999066
 0.9999066
 0.9999066
 0.9999066
 0.9999066
 0.9999066
 0.9999066
 0.9999066
 0.9999066
 0.9999066
 0.9999066
 0.9999066
 0.9999066
 0.9999066
 0.9999066
 0.9999066
 0.9999066
 0.9999066
 0.9999066
 0.9999066
 0.9999066
 0.9999066
 0.9999066
 0.9999066
 0.9999066
 0.9999066
 0.9999066
 0.9999066
 0.9999066
 0.9999066
 0.9999066
 0.9999066
 0.9999066
 0.9999066
 0.9999066
 0.9999066
 0.9999066
 0.9999066
 0.9999066
 0.9999066
 0.9999066
 0.9999066
 0.9999066
 0.9999066
 0.9999066
 0.9999066
 0.9999066
 0.9999066
 0.9999066
 0.9999066
 0.9999066
 0.9999066
 0.9999066
 0.9999066
 0.9999066
 0.9999066
 0.9999066
 0.9999066
 0.9999066
 0.9999066
 0.9999066
 0.9999066
 0.9999066
 0.9999066
 0.9999066
 0.9999066
 0.9999066
 0.9999066
 0.9999066
 0.9999066
 0.9999066
 0.9999066
 0.9999066
 0.9999066
 0.9999066
 0.9999066
 0.9999066
 0.9999066
 0.9999066
 0.9999066
 0.9999066
 0.9999066
 0.9999066
 0.9999066
 0.9999066
 0.9999066
 0.9999066
 0.9999066
 0.9999066
 0.9999066
 0.9999066
 0.9999066
 0.9999066
 0.9999066
 0.9999066
 0.9999066
 0.9999066
 0.9999066
 0.9999066
 0.9999066
 0.9999066
 0.9999066
 0.9999066
 1.0000000
 1.0000000
 1.0000000
 1.0000000
 1.0000000
 1.0000000
 1.0000000
 1.0000000
 1.0000000
 1.0000000
 1.0000000
 1.0000000
 1.0000000
 1.0000000
 1.0000000
 1.0000000
 1.0000000
 1.0000000
 1.0000000
 1.0000000
 1.0000000
 1.0000000
 1.0000000
 1.0000000
 1.0000000
 1.0000000
 1.0000000
 1.0000000
 1.0000000
 1.0000000
 1.0000000
 1.0000000
 1.0000000
 1.0000000
 1.0000000
 1.0000000
 1.0000000
 1.0000000
 1.0000000
 1.0000000
 1.0000000
 1.0000000
 1.0000000
 1.0000000
 1.0000000
 1.0000000
 1.0000000
 1.0000000
 1.0000000
 1.0000000
 1.0000000
 1.0000000
 1.0000000
 1.0000000
 1.0000000
 1.0000000
 1.0000000
 1.0000000
 1.0000000
 1.0000000
 1.0000000
 1.0000000
 1.0000000
 1.0000000
 1.0000000
 1.0000000
 1.0000000
 1.0000000
 1.0000000
 1.0000000
 1.0000000
 1.0000000
 1.0000000
 1.0000000
 1.0000000
 1.0000000
 1.0000000
 1.0000000
 1.0000000
 1.0000000
 1.0000000
 1.0000000
 1.0000000
 1.0000000
 1.0000000
 1.0000000
 1.0000000
 1.0000000
 1.0000000
 1.0000000
 1.0000000
 1.0000000
 1.0000000
 1.0000000
 1.0000000
 1.0000000
 1.0000000
 1.0000000
 1.0000000
 1.0000000
 1.0000000
 1.0000000
 1.0000000
 1.0000000
 1.0000000
 1.0000000
 1.0000000
 1.0000000
 1.0000000
 1.0000000
 1.0000000
 1.0000000
 1.0000000
 1.0000000
 1.0000000
 1.0000000
 1.0000000
 1.0000000
 1.0000000
 1.0000000
 1.0000000
 1.0000000
 1.0000000
 1.0000000
 1.0000000
 1.0000000
 1.0000000
 1.0000000
 1.0000000
 1.0000000
 1.0000000
 1.0000000
 1.0000000
 1.0000000
 1.0000000
 1.0000000
 1.0000000
 1.0000000
 1.0000000
 1.0000000
 1.0000000
 1.0000000
 1.0000000
 1.0000000
 1.0000000
 1.0000000
 1.0000000
 1.0000000
 1.0000000
 1.0000000
 1.0000000
 1.0000000
 1.0000000
 1.0000000
 1.0000000
 1.0000000
 1.0000000
 1.0000000
 1.0000000
 1.0000000
 1.0000000
 1.0000000
 1.0000000
 1.0000000
 1.0000000
 1.0000000
 1.0000000
 1.0000000
 1.0000000
 1.0000000
 1.0000000
 1.0000000
 1.0000000
 1.0000000
 1.0000000
 1.0000000
 1.0000000
 1.0000000
 1.0000000
 1.0000000
 1.0000000
 1.0000000
 1.0000000
 1.0000000
 1.0000000
 1.0000000
 1.0000000
 1.0000000
 1.0000000
 1.0000000
 1.0000000
 1.0000000
 1.0000000
 1.0000000
 1.0000000
 1.0000000
 1.0000000
 1.0000000
 1.0000000
 1.0000000
 1.0000000
 1.0000000
 1.0000000
 1.0000000
 1.0000000
 1.0000000
 1.0000000
 1.0000000
 1.0000000
 1.0000000
 1.0000000
 1.0000000
 1.0000000
 1.0000000
 1.0000000
 1.0000000
 1.0000000
 1.0000000
 1.0000000
 1.0000000
 1.0000000
 1.0000000
 1.0000000
 1.0000000
 1.0000000
 1.0000000
 1.0000000
 1.0000000
 1.0000000
 1.0000000
 1.0000000
 1.0000000
 1.0000000
 1.0000000
 1.0000000
 1.0000000
 1.0000000
 1.0000000
 1.0000000
 1.0000000
 1.0000000
 1.0000000
 1.0000000
 1.0000000
 1.0000000
 1.0000000
 1.0000000
 1.0000000
 1.0000000
 1.0000000
 1.0000000
 1.0000000
 1.0000000
 1.0000000
 1.0000000
 1.0000000
 1.0000000
 1.0000000
 1.0000000
 1.0000000
 1.0000000
 1.0000000
 1.0000000
 1.0000000
 1.0000000
 1.0000000
 1.0000000
 1.0000000
 1.0000000
 1.0000000
 1.0000000
 1.0000000
 1.0000000
 1.0000000
 1.0000000
 1.0000000
 1.0000000
 1.0000000
 1.0000000
 1.0000000
 1.0000000
 1.0000000
 1.0000000
 1.0000000
 1.0000000
 1.0000000
 1.0000000
 1.0000000
 1.0000000
 1.0000000
 1.0000000
 1.0000000
 1.0000000
 1.0000000
 1.0000000
 1.0000000
 1.0000000
 1.0000000
 1.0000000
 1.0000000
 1.0000000
