 2.0000001
 1.0000001
 1.0000000
 0.9999999
 0.9150662
 0.9150489
 0.8901943
 0.8901713
 0.8885405
 0.8885224
 0.8822454
 0.8821996
 0.8788367
 0.8788356
 0.8565137
 0.8565131
 0.7989526
 0.7989519
 0.7887037
 0.7886935
 0.7759694
 0.7759364
 0.5315301
 0.5314635
 0.5147001
 0.5145210
 0.4138503
 0.4133206
 0.3874758
 0.3833376
 0.3788075
 0.3774805
 0.3572411
 0.3558711
 0.3546028
 0.3531213
 0.3443999
 0.3440371
 0.3412609
 0.3154974
 0.3097445
 0.3039400
 0.3033943
 0.3008530
 0.3001615
 0.2853045
 0.2852681
 0.2847251
 0.2819569
 0.2140419
 0.2138796
 0.1445915
 0.1445892
 0.1410033
 0.1409815
 0.1372673
 0.1372475
 0.1306751
 0.1306578
 0.1293395
 0.1293379
 0.1233630
 0.1233174
 0.1185220
 0.1185170
 0.1142321
 0.1142225
 0.1141306
 0.1141287
 0.1110303
 0.1110259
 0.1101411
 0.1101374
 0.1092973
 0.1092943
 0.1076435
 0.1076271
 0.1066883
 0.1066704
 0.1039633
 0.1039469
 0.1024820
 0.1024809
 0.1015227
 0.1015140
 0.0989518
 0.0989479
 0.0983043
 0.0982937
 0.0972377
 0.0972282
 0.0969051
 0.0969018
 0.0966201
 0.0966074
 0.0950018
 0.0949990
 0.0949503
 0.0949377
 0.0946781
 0.0946726
 0.0941593
 0.0941540
 0.0931031
 0.0930995
 0.0904311
 0.0904262
 0.0900080
 0.0900029
 0.0895862
 0.0895853
 0.0895811
 0.0895720
 0.0894001
 0.0893955
 0.0884404
 0.0884365
 0.0882757
 0.0882687
 0.0881275
 0.0881097
 0.0878103
 0.0878099
 0.0875913
 0.0875881
 0.0874543
 0.0874437
 0.0866454
 0.0866276
 0.0862013
 0.0861992
 0.0847772
 0.0847766
 0.0843251
 0.0843245
 0.0827976
 0.0827964
 0.0825580
 0.0825571
 0.0825144
 0.0825017
 0.0821296
 0.0821242
 0.0819974
 0.0819850
 0.0816035
 0.0815983
 0.0812474
 0.0812439
 0.0809886
 0.0809883
 0.0809524
 0.0809519
 0.0808008
 0.0808002
 0.0793335
 0.0793267
 0.0789278
 0.0789266
 0.0782363
 0.0782294
 0.0779027
 0.0778989
 0.0778107
 0.0778083
 0.0776340
 0.0776334
 0.0775623
 0.0775591
 0.0775242
 0.0775238
 0.0765247
 0.0765232
 0.0765008
 0.0764957
 0.0762668
 0.0762639
 0.0761633
 0.0761622
 0.0761291
 0.0761230
 0.0759452
 0.0759362
 0.0757454
 0.0757447
 0.0749818
 0.0749777
 0.0748198
 0.0748014
 0.0741336
 0.0741236
 0.0737696
 0.0737670
 0.0733983
 0.0733958
 0.0731469
 0.0731420
 0.0728346
 0.0728278
 0.0728125
 0.0728099
 0.0727010
 0.0727008
 0.0726586
 0.0726553
 0.0725404
 0.0725336
 0.0716303
 0.0716274
 0.0715797
 0.0715738
 0.0715286
 0.0715273
 0.0712031
 0.0712006
 0.0706310
 0.0706304
 0.0705511
 0.0705485
 0.0703622
 0.0703504
 0.0702445
 0.0702427
 0.0701975
 0.0701939
 0.0701417
 0.0701380
 0.0699649
 0.0699624
 0.0698549
 0.0698543
 0.0698133
 0.0698121
 0.0697859
 0.0697714
 0.0695842
 0.0695834
 0.0693463
 0.0693434
 0.0687636
 0.0687615
 0.0684944
 0.0684912
 0.0683573
 0.0683522
 0.0682814
 0.0682805
 0.0679745
 0.0679718
 0.0676779
 0.0676747
 0.0675842
 0.0675818
 0.0671438
 0.0671403
 0.0669457
 0.0669327
 0.0667544
 0.0667532
 0.0665618
 0.0665610
 0.0663939
 0.0663919
 0.0663410
 0.0663399
 0.0662247
 0.0662235
 0.0657488
 0.0657471
 0.0656854
 0.0656853
 0.0653144
 0.0653132
 0.0650853
 0.0650819
 0.0647124
 0.0647113
 0.0646724
 0.0646650
 0.0645519
 0.0645510
 0.0637119
 0.0637112
 0.0634338
 0.0634315
 0.0628795
 0.0628745
 0.0628187
 0.0628102
 0.0627459
 0.0627453
 0.0625262
 0.0625244
 0.0616551
 0.0616533
 0.0615225
 0.0615221
 0.0613181
 0.0613174
 0.0612112
 0.0612109
 0.0611431
 0.0611370
 0.0606115
 0.0606107
 0.0603536
 0.0603518
 0.0602883
 0.0602880
 0.0601917
 0.0601905
 0.0601042
 0.0601040
 0.0600806
 0.0600795
 0.0600459
 0.0600455
 0.0596010
 0.0595915
 0.0592778
 0.0592748
 0.0592616
 0.0592565
 0.0592229
 0.0592211
 0.0591893
 0.0591879
 0.0590460
 0.0590456
 0.0588236
 0.0588211
 0.0587645
 0.0587602
 0.0585706
 0.0585698
 0.0581493
 0.0581481
 0.0580869
 0.0580839
 0.0579312
 0.0579301
 0.0577814
 0.0577739
 0.0576107
 0.0576088
 0.0575888
 0.0575877
 0.0575554
 0.0575522
 0.0574818
 0.0574785
 0.0574700
 0.0574685
 0.0573646
 0.0573614
 0.0570873
 0.0570830
 0.0568174
 0.0568071
 0.0564703
 0.0564688
 0.0562879
 0.0562805
 0.0559463
 0.0559457
 0.0557841
 0.0557835
 0.0555194
 0.0555178
 0.0555128
 0.0555124
 0.0554579
 0.0554539
 0.0553131
 0.0553089
 0.0550068
 0.0550021
 0.0543509
 0.0543502
 0.0542029
 0.0541971
 0.0541463
 0.0541427
 0.0540947
 0.0540904
 0.0538715
 0.0538685
 0.0535582
 0.0535550
 0.0534855
 0.0534849
 0.0533644
 0.0533584
 0.0531972
 0.0531959
 0.0526953
 0.0526928
 0.0526809
 0.0526796
 0.0523895
 0.0523889
 0.0523354
 0.0523341
 0.0522247
 0.0522142
 0.0519760
 0.0519746
 0.0519466
 0.0519450
 0.0515544
 0.0515500
 0.0512725
 0.0512684
 0.0512566
 0.0512517
 0.0511795
 0.0511700
 0.0510382
 0.0510376
 0.0509853
 0.0509814
 0.0505248
 0.0505210
 0.0504997
 0.0504984
 0.0504887
 0.0504852
 0.0504545
 0.0504536
 0.0499192
 0.0499187
 0.0498666
 0.0498652
 0.0497627
 0.0497612
 0.0495882
 0.0495875
 0.0493482
 0.0493442
 0.0493060
 0.0493028
 0.0492463
 0.0492453
 0.0490321
 0.0490272
 0.0489582
 0.0489581
 0.0486820
 0.0486817
 0.0485696
 0.0485682
 0.0483957
 0.0483861
 0.0481943
 0.0481908
 0.0474584
 0.0474572
 0.0472058
 0.0472044
 0.0470970
 0.0470967
 0.0470836
 0.0470831
 0.0469946
 0.0469902
 0.0460017
 0.0459846
 0.0459421
 0.0459390
 0.0458904
 0.0458875
 0.0457725
 0.0457710
 0.0457499
 0.0457489
 0.0456310
 0.0456296
 0.0456152
 0.0456149
 0.0453230
 0.0453228
 0.0452692
 0.0452678
 0.0450823
 0.0450810
 0.0450433
 0.0450401
 0.0450137
 0.0450124
 0.0450021
 0.0450003
 0.0448880
 0.0448858
 0.0447147
 0.0447141
 0.0446637
 0.0446539
 0.0445261
 0.0445227
 0.0443800
 0.0443796
 0.0442201
 0.0442193
 0.0441273
 0.0441255
 0.0438712
 0.0438646
 0.0437720
 0.0437709
 0.0437409
 0.0437391
 0.0436334
 0.0436324
 0.0436107
 0.0436089
 0.0435431
 0.0435409
 0.0434589
 0.0434532
 0.0433368
 0.0433361
 0.0433322
 0.0433281
 0.0432525
 0.0432517
 0.0430405
 0.0430376
 0.0430063
 0.0430054
 0.0429779
 0.0429760
 0.0429648
 0.0429614
 0.0428588
 0.0428578
 0.0428381
 0.0428305
 0.0424393
 0.0424352
 0.0423461
 0.0423438
 0.0420532
 0.0420492
 0.0419736
 0.0419699
 0.0419636
 0.0419585
 0.0414440
 0.0414436
 0.0413662
 0.0413620
 0.0413180
 0.0413172
 0.0412556
 0.0412522
 0.0411903
 0.0411859
 0.0410402
 0.0410401
 0.0408281
 0.0408252
 0.0408214
 0.0408159
 0.0405648
 0.0405630
 0.0405525
 0.0405514
 0.0404219
 0.0404215
 0.0395668
 0.0395667
 0.0394112
 0.0394094
 0.0393953
 0.0393898
 0.0393700
 0.0393687
 0.0393367
 0.0393348
 0.0393083
 0.0393055
 0.0392398
 0.0392394
 0.0392241
 0.0392220
 0.0391398
 0.0391396
 0.0388615
 0.0388557
 0.0387455
 0.0387450
 0.0387338
 0.0387329
 0.0384693
 0.0384622
 0.0382479
 0.0382442
 0.0382011
 0.0381910
 0.0381220
 0.0381200
 0.0380123
 0.0380115
 0.0377830
 0.0377811
 0.0377480
 0.0377456
 0.0376830
 0.0376808
 0.0375489
 0.0375464
 0.0369190
 0.0369170
 0.0368943
 0.0368940
 0.0366697
 0.0366684
 0.0365475
 0.0365458
 0.0365040
 0.0365012
 0.0363850
 0.0363810
 0.0362884
 0.0362877
 0.0362749
 0.0362734
 0.0361164
 0.0361156
 0.0361067
 0.0361060
 0.0359640
 0.0359529
 0.0359323
 0.0359273
 0.0357850
 0.0357840
 0.0357633
 0.0357628
 0.0357618
 0.0357612
 0.0354350
 0.0354333
 0.0351907
 0.0351887
 0.0351181
 0.0351176
 0.0350535
 0.0350523
 0.0349503
 0.0349497
 0.0349254
 0.0349208
 0.0347903
 0.0347875
 0.0346452
 0.0346401
 0.0344874
 0.0344856
 0.0344388
 0.0344329
 0.0342268
 0.0342189
 0.0341334
 0.0341321
 0.0340935
 0.0340900
 0.0340630
 0.0340628
 0.0340298
 0.0340280
 0.0338769
 0.0338740
 0.0335663
 0.0335631
 0.0335541
 0.0335540
 0.0332184
 0.0332140
 0.0330990
 0.0330892
 0.0330637
 0.0330601
 0.0330204
 0.0330168
 0.0329879
 0.0329877
 0.0328749
 0.0328745
 0.0327530
 0.0327500
 0.0327492
 0.0327463
 0.0326971
 0.0326924
 0.0326887
 0.0326876
 0.0326743
 0.0326726
 0.0325744
 0.0325740
 0.0325334
 0.0325318
 0.0318149
 0.0318139
 0.0317599
 0.0317586
 0.0316901
 0.0316899
 0.0315992
 0.0315990
 0.0315840
 0.0315817
 0.0315445
 0.0315427
 0.0314153
 0.0314135
 0.0313018
 0.0312994
 0.0310153
 0.0310151
 0.0309592
 0.0309544
 0.0308904
 0.0308850
 0.0307028
 0.0307014
 0.0306417
 0.0306408
 0.0306197
 0.0306196
 0.0306119
 0.0306102
 0.0305871
 0.0305850
 0.0305760
 0.0305749
 0.0305601
 0.0305600
 0.0304625
 0.0304623
 0.0300665
 0.0300649
 0.0300311
 0.0300265
 0.0297274
 0.0297204
 0.0297110
 0.0297107
 0.0295780
 0.0295772
 0.0294687
 0.0294611
 0.0292919
 0.0292882
 0.0292531
 0.0292464
 0.0289133
 0.0289044
 0.0287931
 0.0287914
 0.0287697
 0.0287690
 0.0286100
 0.0286073
 0.0284784
 0.0284769
 0.0283466
 0.0283406
 0.0282869
 0.0282835
 0.0282334
 0.0282324
 0.0280622
 0.0280506
 0.0279170
 0.0279133
 0.0278658
 0.0278573
 0.0275782
 0.0275764
 0.0275168
 0.0275159
 0.0273832
 0.0273824
 0.0272147
 0.0272098
 0.0272023
 0.0272014
 0.0271956
 0.0271953
 0.0271235
 0.0271170
 0.0271163
 0.0271133
 0.0269537
 0.0269531
 0.0268795
 0.0268775
 0.0267867
 0.0267853
 0.0267660
 0.0267659
 0.0267296
 0.0267281
 0.0267056
 0.0267054
 0.0266421
 0.0266398
 0.0265790
 0.0265704
 0.0265615
 0.0265599
 0.0265587
 0.0265567
 0.0264257
 0.0264224
 0.0262115
 0.0262105
 0.0262096
 0.0262095
 0.0261331
 0.0261329
 0.0260448
 0.0260415
 0.0260379
 0.0260344
 0.0259663
 0.0259657
 0.0258997
 0.0258990
 0.0255807
 0.0255770
 0.0255578
 0.0255536
 0.0253444
 0.0253410
 0.0250964
 0.0250925
 0.0250037
 0.0250035
 0.0248856
 0.0248842
 0.0244886
 0.0244844
 0.0244807
 0.0244778
 0.0241381
 0.0241367
 0.0241207
 0.0241202
 0.0239185
 0.0239138
 0.0234128
 0.0234097
 0.0232854
 0.0232828
 0.0226916
 0.0226913
 0.0226630
 0.0226628
 0.0225120
 0.0225101
 0.0225005
 0.0224985
 0.0222860
 0.0222840
 0.0222236
 0.0222216
 0.0222086
 0.0222062
 0.0221985
 0.0221861
 0.0221767
 0.0221739
 0.0220329
 0.0220259
 0.0218137
 0.0218119
 0.0218076
 0.0218072
 0.0218050
 0.0218026
 0.0215149
 0.0215066
 0.0214446
 0.0214398
 0.0212856
 0.0212849
 0.0212689
 0.0212648
 0.0212607
 0.0212606
 0.0211173
 0.0211157
 0.0209642
 0.0209628
 0.0206242
 0.0206222
 0.0205485
 0.0205465
 0.0203780
 0.0203766
 0.0202920
 0.0202913
 0.0202908
 0.0202866
 0.0201172
 0.0201096
 0.0201045
 0.0200970
 0.0200631
 0.0200538
 0.0200376
 0.0200363
 0.0200328
 0.0200275
 0.0198216
 0.0198214
 0.0197716
 0.0197706
 0.0196021
 0.0196005
 0.0192945
 0.0192911
 0.0192894
 0.0192884
 0.0192045
 0.0192039
 0.0190448
 0.0190445
 0.0190304
 0.0190272
 0.0190200
 0.0190198
 0.0189720
 0.0189693
 0.0188882
 0.0188844
 0.0187790
 0.0187774
 0.0187497
 0.0187486
 0.0184103
 0.0184098
 0.0182172
 0.0182161
 0.0180983
 0.0180947
 0.0180861
 0.0180837
 0.0180658
 0.0180633
 0.0179070
 0.0179004
 0.0178483
 0.0178469
 0.0177506
 0.0177505
 0.0176754
 0.0176736
 0.0174755
 0.0174715
 0.0173236
 0.0173227
 0.0171485
 0.0171483
 0.0169618
 0.0169601
 0.0169484
 0.0169422
 0.0168978
 0.0168956
 0.0167142
 0.0167132
 0.0165597
 0.0165549
 0.0162793
 0.0162772
 0.0162393
 0.0162378
 0.0159761
 0.0159701
 0.0159304
 0.0159286
 0.0157423
 0.0157409
 0.0156624
 0.0156620
 0.0156221
 0.0156203
 0.0156066
 0.0156036
 0.0155848
 0.0155808
 0.0155276
 0.0155192
 0.0154274
 0.0154230
 0.0152854
 0.0152843
 0.0151537
 0.0151451
 0.0148983
 0.0148977
 0.0147410
 0.0147385
 0.0146993
 0.0146920
 0.0146434
 0.0146410
 0.0145451
 0.0145412
 0.0144544
 0.0144534
 0.0143123
 0.0143076
 0.0142412
 0.0142322
 0.0141892
 0.0141875
 0.0141365
 0.0141325
 0.0140759
 0.0140757
 0.0140706
 0.0140700
 0.0137496
 0.0137488
 0.0137376
 0.0137370
 0.0135926
 0.0135923
 0.0135284
 0.0135257
 0.0131529
 0.0131524
 0.0131435
 0.0131424
 0.0130816
 0.0130793
 0.0129698
 0.0129696
 0.0129053
 0.0129049
 0.0128908
 0.0128893
 0.0125467
 0.0125458
 0.0125107
 0.0125094
 0.0124949
 0.0124914
 0.0124816
 0.0124786
 0.0124208
 0.0124177
 0.0124058
 0.0123973
 0.0122531
 0.0122522
 0.0121933
 0.0121918
 0.0119330
 0.0119289
 0.0118098
 0.0118061
 0.0117929
 0.0117921
 0.0116534
 0.0116502
 0.0115741
 0.0115737
 0.0115201
 0.0115156
 0.0114249
 0.0114188
 0.0111100
 0.0111093
 0.0110558
 0.0110528
 0.0108393
 0.0108364
 0.0107779
 0.0107759
 0.0107752
 0.0107736
 0.0107119
 0.0107102
 0.0105898
 0.0105849
 0.0105225
 0.0105216
 0.0104029
 0.0104016
 0.0103440
 0.0103389
 0.0103077
 0.0103042
 0.0102525
 0.0102491
 0.0101695
 0.0101652
 0.0100519
 0.0100441
 0.0099033
 0.0099028
 0.0094466
 0.0094464
 0.0093495
 0.0093451
 0.0091440
 0.0091424
 0.0091218
 0.0091217
 0.0090619
 0.0090558
 0.0089624
 0.0089568
 0.0089161
 0.0089098
 0.0088127
 0.0088104
 0.0087815
 0.0087775
 0.0085795
 0.0085740
 0.0085684
 0.0085683
 0.0084658
 0.0084657
 0.0084118
 0.0084113
 0.0083419
 0.0083409
 0.0082772
 0.0082748
 0.0081354
 0.0081351
 0.0080830
 0.0080824
 0.0080132
 0.0080107
 0.0080010
 0.0079999
 0.0079665
 0.0079644
 0.0077335
 0.0077314
 0.0076995
 0.0076994
 0.0075538
 0.0075498
 0.0074421
 0.0074383
 0.0072475
 0.0072471
 0.0071059
 0.0071022
 0.0068956
 0.0068955
 0.0068461
 0.0068376
 0.0067259
 0.0067257
 0.0066969
 0.0066923
 0.0064384
 0.0064372
 0.0063874
 0.0063863
 0.0061635
 0.0061627
 0.0059198
 0.0059173
 0.0058640
 0.0058548
 0.0058389
 0.0058371
 0.0058286
 0.0058274
 0.0057588
 0.0057556
 0.0056962
 0.0056930
 0.0056513
 0.0056484
 0.0055440
 0.0055418
 0.0055279
 0.0055254
 0.0052861
 0.0052828
 0.0052266
 0.0052202
 0.0051721
 0.0051709
 0.0051099
 0.0051071
 0.0050644
 0.0050636
 0.0048563
 0.0048529
 0.0048493
 0.0048476
 0.0045241
 0.0045198
 0.0044550
 0.0044530
 0.0044013
 0.0043962
 0.0043560
 0.0043546
 0.0043163
 0.0043159
 0.0042981
 0.0042965
 0.0042016
 0.0041983
 0.0040803
 0.0040794
 0.0039421
 0.0039407
 0.0037116
 0.0037095
 0.0035590
 0.0035576
 0.0035054
 0.0035041
 0.0034778
 0.0034742
 0.0033520
 0.0033508
 0.0032534
 0.0032527
 0.0030849
 0.0030836
 0.0030167
 0.0030158
 0.0028907
 0.0028874
 0.0027171
 0.0027163
 0.0026495
 0.0026392
 0.0025043
 0.0025037
 0.0024975
 0.0024890
 0.0024454
 0.0024250
 0.0022522
 0.0022408
 0.0020252
 0.0020215
 0.0019494
 0.0019478
 0.0018680
 0.0018673
 0.0016153
 0.0016149
 0.0015926
 0.0015919
 0.0015880
 0.0015824
 0.0014769
 0.0014749
 0.0014647
 0.0014645
 0.0012449
 0.0012435
 0.0012296
 0.0012276
 0.0011960
 0.0011938
 0.0007573
 0.0007534
 0.0005876
 0.0005810
 0.0003548
 0.0003525
 0.0003075
 0.0003071
 0.0002751
 0.0002747
 0.0002316
 0.0002308
 0.0001026
 0.0001014
 0.0000411
 0.0000403
-0.0001338
-0.0001342
-0.0003072
-0.0003079
-0.0003309
-0.0003331
-0.0006833
-0.0006882
-0.0007986
-0.0007997
-0.0010612
-0.0010623
-0.0012099
-0.0012154
-0.0013023
-0.0013037
-0.0013516
-0.0013594
-0.0013779
-0.0013795
-0.0014707
-0.0014713
-0.0015143
-0.0015164
-0.0015826
-0.0015829
-0.0016514
-0.0016516
-0.0016692
-0.0016715
-0.0019192
-0.0019196
-0.0020151
-0.0020222
-0.0020686
-0.0020712
-0.0024344
-0.0024350
-0.0026945
-0.0027051
-0.0027886
-0.0027890
-0.0028476
-0.0028492
-0.0029671
-0.0029675
-0.0030551
-0.0030590
-0.0035386
-0.0035510
-0.0036992
-0.0037007
-0.0037367
-0.0037431
-0.0037762
-0.0037783
-0.0043786
-0.0043787
-0.0044673
-0.0044683
-0.0044860
-0.0044897
-0.0045504
-0.0045515
-0.0045935
-0.0045939
-0.0046320
-0.0046333
-0.0048216
-0.0048245
-0.0051823
-0.0051865
-0.0052652
-0.0052660
-0.0054503
-0.0054512
-0.0054638
-0.0054647
-0.0056614
-0.0056616
-0.0058277
-0.0058282
-0.0059585
-0.0059696
-0.0060504
-0.0060527
-0.0060641
-0.0060683
-0.0066010
-0.0066068
-0.0066547
-0.0066550
-0.0067491
-0.0067503
-0.0068148
-0.0068225
-0.0070718
-0.0070731
-0.0071148
-0.0071178
-0.0071774
-0.0071776
-0.0072436
-0.0072452
-0.0072928
-0.0072933
-0.0072953
-0.0072984
-0.0073312
-0.0073318
-0.0073329
-0.0073337
-0.0074405
-0.0074419
-0.0075197
-0.0075305
-0.0075310
-0.0075322
-0.0076040
-0.0076055
-0.0077235
-0.0077260
-0.0077661
-0.0077688
-0.0078140
-0.0078156
-0.0079503
-0.0079507
-0.0080204
-0.0080231
-0.0086078
-0.0086141
-0.0087409
-0.0087413
-0.0088891
-0.0088900
-0.0090951
-0.0090977
-0.0092129
-0.0092210
-0.0092928
-0.0092930
-0.0095259
-0.0095266
-0.0095365
-0.0095392
-0.0096077
-0.0096157
-0.0096632
-0.0096646
-0.0097791
-0.0097854
-0.0098726
-0.0098742
-0.0098800
-0.0098811
-0.0100618
-0.0100661
-0.0102518
-0.0102533
-0.0102565
-0.0102626
-0.0102671
-0.0102689
-0.0103374
-0.0103393
-0.0106111
-0.0106124
-0.0107073
-0.0107113
-0.0107308
-0.0107322
-0.0108443
-0.0108504
-0.0108599
-0.0108610
-0.0109495
-0.0109504
-0.0110200
-0.0110233
-0.0110976
-0.0110997
-0.0111972
-0.0111985
-0.0113627
-0.0113650
-0.0115894
-0.0115896
-0.0117134
-0.0117150
-0.0118075
-0.0118106
-0.0118945
-0.0118983
-0.0121307
-0.0121332
-0.0121362
-0.0121368
-0.0121785
-0.0121796
-0.0122959
-0.0122995
-0.0123004
-0.0123010
-0.0125035
-0.0125037
-0.0125272
-0.0125288
-0.0126622
-0.0126638
-0.0131705
-0.0131729
-0.0133177
-0.0133182
-0.0133853
-0.0133865
-0.0135742
-0.0135752
-0.0136466
-0.0136497
-0.0140315
-0.0140337
-0.0144904
-0.0144916
-0.0146483
-0.0146486
-0.0146744
-0.0146752
-0.0148028
-0.0148068
-0.0148449
-0.0148455
-0.0149504
-0.0149527
-0.0149789
-0.0149805
-0.0149822
-0.0149841
-0.0149972
-0.0149982
-0.0151096
-0.0151200
-0.0151268
-0.0151279
-0.0151535
-0.0151537
-0.0153021
-0.0153037
-0.0156473
-0.0156505
-0.0159320
-0.0159398
-0.0159466
-0.0159492
-0.0161040
-0.0161089
-0.0166030
-0.0166071
-0.0166995
-0.0167014
-0.0172143
-0.0172155
-0.0173008
-0.0173030
-0.0175078
-0.0175091
-0.0178568
-0.0178594
-0.0179733
-0.0179757
-0.0181354
-0.0181386
-0.0183642
-0.0183646
-0.0184207
-0.0184225
-0.0189369
-0.0189389
-0.0189572
-0.0189625
-0.0190203
-0.0190219
-0.0190977
-0.0191046
-0.0191691
-0.0191706
-0.0193086
-0.0193128
-0.0197872
-0.0197900
-0.0199667
-0.0199712
-0.0205141
-0.0205145
-0.0207330
-0.0207346
-0.0209207
-0.0209208
-0.0209535
-0.0209632
-0.0210524
-0.0210617
-0.0212185
-0.0212186
-0.0213697
-0.0213700
-0.0217370
-0.0217385
-0.0220039
-0.0220066
-0.0222685
-0.0222697
-0.0224351
-0.0224399
-0.0224766
-0.0224842
-0.0225395
-0.0225410
-0.0226404
-0.0226507
-0.0226733
-0.0226742
-0.0227326
-0.0227365
-0.0228087
-0.0228256
-0.0230269
-0.0230341
-0.0232215
-0.0232220
-0.0233612
-0.0233647
-0.0234948
-0.0235024
-0.0235407
-0.0235411
-0.0236323
-0.0236332
-0.0238996
-0.0239053
-0.0239704
-0.0239749
-0.0240739
-0.0240745
-0.0240991
-0.0241021
-0.0242573
-0.0242607
-0.0242953
-0.0243039
-0.0247974
-0.0247990
-0.0249344
-0.0249358
-0.0251621
-0.0251649
-0.0252024
-0.0252029
-0.0253792
-0.0253797
-0.0253874
-0.0253884
-0.0254488
-0.0254493
-0.0255683
-0.0255705
-0.0257965
-0.0257986
-0.0262002
-0.0262020
-0.0262962
-0.0262998
-0.0265834
-0.0265836
-0.0267151
-0.0267175
-0.0268893
-0.0268920
-0.0274129
-0.0274192
-0.0279249
-0.0279274
-0.0279873
-0.0279884
-0.0285899
-0.0285914
-0.0290206
-0.0290215
-0.0294486
-0.0294588
-0.0294994
-0.0295017
-0.0296254
-0.0296273
-0.0299947
-0.0300101
-0.0302218
-0.0302226
-0.0303415
-0.0303471
-0.0303960
-0.0303968
-0.0304319
-0.0304324
-0.0304769
-0.0304785
-0.0307408
-0.0307510
-0.0310679
-0.0310696
-0.0313221
-0.0313222
-0.0313864
-0.0313878
-0.0317562
-0.0317566
-0.0318432
-0.0318444
-0.0318738
-0.0318739
-0.0319078
-0.0319092
-0.0319802
-0.0319820
-0.0327165
-0.0327178
-0.0327794
-0.0327828
-0.0330824
-0.0330896
-0.0332120
-0.0332152
-0.0334833
-0.0334881
-0.0335245
-0.0335262
-0.0336788
-0.0336798
-0.0346324
-0.0346354
-0.0346527
-0.0346571
-0.0347376
-0.0347436
-0.0354950
-0.0354958
-0.0355736
-0.0355761
-0.0359498
-0.0359528
-0.0361649
-0.0361654
-0.0361726
-0.0361746
-0.0362334
-0.0362348
-0.0368292
-0.0368302
-0.0369068
-0.0369166
-0.0369952
-0.0369967
-0.0371736
-0.0371758
-0.0374723
-0.0374808
-0.0374984
-0.0375029
-0.0376450
-0.0376528
-0.0378125
-0.0378168
-0.0387949
-0.0387963
-0.0388270
-0.0388315
-0.0389301
-0.0389322
-0.0391944
-0.0391948
-0.0395667
-0.0395710
-0.0399547
-0.0399554
-0.0400556
-0.0400750
-0.0405530
-0.0405589
-0.0406118
-0.0406198
-0.0408037
-0.0408064
-0.0409268
-0.0409288
-0.0413043
-0.0413053
-0.0416345
-0.0416389
-0.0416683
-0.0416684
-0.0419134
-0.0419210
-0.0419569
-0.0419581
-0.0420233
-0.0420279
-0.0422477
-0.0422529
-0.0428086
-0.0428097
-0.0430805
-0.0430831
-0.0437183
-0.0437234
-0.0442638
-0.0442661
-0.0444137
-0.0444156
-0.0446997
-0.0447057
-0.0449594
-0.0449614
-0.0449740
-0.0449756
-0.0454244
-0.0454246
-0.0459225
-0.0459286
-0.0469542
-0.0469547
-0.0474376
-0.0474379
-0.0474834
-0.0474920
-0.0477984
-0.0478060
-0.0479631
-0.0479919
-0.0482093
-0.0482161
-0.0493744
-0.0493812
-0.0497558
-0.0497587
-0.0502431
-0.0502469
-0.0510241
-0.0510280
-0.0513796
-0.0513833
-0.0518350
-0.0518351
-0.0533939
-0.0533976
-0.0534244
-0.0534250
-0.0541947
-0.0541972
-0.0565012
-0.0565115
-0.0573478
-0.0573517
-0.0574861
-0.0574878
-0.0584075
-0.0584098
-0.0586827
-0.0586960
-0.0587878
-0.0587931
-0.0591892
-0.0591961
-0.0595204
-0.0595253
-0.0596325
-0.0596370
-0.0599118
-0.0599124
-0.0604225
-0.0604275
-0.0604768
-0.0604772
-0.0614861
-0.0614882
-0.0615136
-0.0615268
-0.0635789
-0.0635825
-0.0638742
-0.0638784
-0.0641330
-0.0641476
-0.0646653
-0.0646664
-0.0652172
-0.0652193
-0.0657895
-0.0657905
-0.0718132
-0.0718265
-0.0750158
-0.0750176
-0.0750328
-0.0750502
-0.0766844
-0.0766852
-0.0783276
-0.0783334
-0.0793700
-0.0793763
-0.0839239
-0.0839289
-0.0845618
-0.0845642
-0.0859287
-0.0859382
-0.0908350
-0.0908600
-0.0925217
-0.0925306
-0.0929633
-0.0929726
-0.0929960
-0.0930060
-0.0955634
-0.0955827
-0.1185689
-0.1185833
-0.2065422
