 0.0000000
 0.0000000
 0.0000000
 0.0000000
 0.0000000
 0.0000000
 0.0000000
 0.0000000
 0.0000000
 0.0000000
 0.0000000
 0.0000000
 0.0000000
 0.0000000
 0.0000000
 0.0000000
 0.0000000
 0.0000000
 0.0000000
 0.0000000
 0.0000000
 0.0000000
 0.0000000
 0.0000000
 0.0000000
 0.0000000
 0.0000000
 0.0000000
 0.0000000
 0.0000000
 0.0000000
 0.0000000
 0.0000000
 0.0000000
 0.0000000
 0.0000000
 0.0166969
 0.0169640
 0.1908887
 0.1918989
 0.2153953
 0.2236186
 0.5431042
 0.5563453
 0.5766857
 0.5962443
 0.6121438
 0.6126262
 0.6321137
 0.6329462
 0.6415522
 0.6424081
 0.6531149
 0.6533237
 0.6671578
 0.6717790
 0.6909368
 0.6931839
 0.7137062
 0.7253985
 0.7347164
 0.7437553
 0.7452609
 0.7583519
 0.7597602
 0.7641527
 0.7669219
 0.7757764
 0.7786372
 0.7832882
 0.7845662
 0.7879912
 0.7917651
 0.7981384
 0.8003326
 0.8065640
 0.8071456
 0.8216611
 0.8234515
 0.8402718
 0.8403652
 0.8552728
 0.8564400
 0.8651498
 0.8655259
 0.8712864
 0.8712864
 0.9114941
 0.9114941
 0.9507505
 0.9507505
 0.9648440
 0.9648440
 0.9679875
 0.9683765
 0.9709928
 0.9709928
 0.9721678
 0.9721678
 0.9760349
 0.9760349
 0.9774199
 0.9774199
 0.9794507
 0.9794507
 0.9809096
 0.9809096
 0.9825498
 0.9825498
 0.9825498
 0.9825498
 0.9869725
 0.9869725
 0.9875249
 0.9875249
 0.9877490
 0.9877490
 0.9879532
 0.9879532
 0.9891826
 0.9891826
 0.9893694
 0.9893694
 0.9898771
 0.9898771
 0.9898771
 0.9898771
 0.9898771
 0.9898771
 0.9900521
 0.9900521
 0.9911103
 0.9911103
 0.9913438
 0.9913438
 0.9913438
 0.9913438
 0.9913438
 0.9913438
 0.9914371
 0.9914371
 0.9914371
 0.9914371
 0.9914371
 0.9914371
 0.9914371
 0.9914371
 0.9918806
 0.9918806
 0.9918806
 0.9918806
 0.9920363
 0.9920363
 0.9921296
 0.9921296
 0.9922230
 0.9922230
 0.9922230
 0.9922230
 0.9922230
 0.9922230
 0.9922230
 0.9922230
 0.9923164
 0.9923164
 0.9929155
 0.9929155
 0.9933045
 0.9933045
 0.9933045
 0.9933045
 0.9933045
 0.9933045
 0.9933979
 0.9933979
 0.9935535
 0.9935535
 0.9935535
 0.9935535
 0.9937286
 0.9937286
 0.9939620
 0.9939620
 0.9941955
 0.9941955
 0.9941955
 0.9941955
 0.9943122
 0.9943122
 0.9945456
 0.9945456
 0.9945456
 0.9945456
 0.9945456
 0.9945456
 0.9946623
 0.9946623
 0.9946623
 0.9946623
 0.9946623
 0.9946623
 0.9946623
 0.9946623
 0.9946623
 0.9946623
 0.9946623
 0.9946623
 0.9946623
 0.9946623
 0.9946623
 0.9946623
 0.9946623
 0.9946623
 0.9946623
 0.9946623
 0.9946623
 0.9946623
 0.9946623
 0.9946623
 0.9946623
 0.9946623
 0.9946623
 0.9946623
 0.9946623
 0.9946623
 0.9947557
 0.9947557
 0.9947557
 0.9947557
 0.9947557
 0.9947557
 0.9947557
 0.9947557
 0.9947557
 0.9947557
 0.9950047
 0.9950047
 0.9950047
 0.9950047
 0.9952770
 0.9952770
 0.9952770
 0.9952770
 0.9952770
 0.9952770
 0.9954326
 0.9954326
 0.9956427
 0.9956427
 0.9957983
 0.9957983
 0.9957983
 0.9957983
 0.9960084
 0.9960084
 0.9960084
 0.9960084
 0.9960084
 0.9960084
 0.9960084
 0.9960084
 0.9960084
 0.9960084
 0.9963974
 0.9963974
 0.9963974
 0.9963974
 0.9963974
 0.9963974
 0.9963974
 0.9963974
 0.9963974
 0.9963974
 0.9963974
 0.9963974
 0.9963974
 0.9963974
 0.9963974
 0.9963974
 0.9963974
 0.9963974
 0.9963974
 0.9963974
 0.9963974
 0.9963974
 0.9963974
 0.9963974
 0.9963974
 0.9963974
 0.9963974
 0.9963974
 0.9963974
 0.9963974
 0.9963974
 0.9963974
 0.9963974
 0.9963974
 0.9963974
 0.9963974
 0.9963974
 0.9963974
 0.9965531
 0.9965531
 0.9965531
 0.9965531
 0.9965531
 0.9965531
 0.9965531
 0.9965531
 0.9965531
 0.9965531
 0.9965531
 0.9965531
 0.9965531
 0.9965531
 0.9965531
 0.9965531
 0.9965531
 0.9965531
 0.9969032
 0.9969032
 0.9969032
 0.9969032
 0.9969966
 0.9969966
 0.9971522
 0.9971522
 0.9972689
 0.9972689
 0.9972689
 0.9972689
 0.9972689
 0.9972689
 0.9972689
 0.9972689
 0.9972689
 0.9972689
 0.9972689
 0.9972689
 0.9972689
 0.9972689
 0.9972689
 0.9972689
 0.9972689
 0.9972689
 0.9972689
 0.9972689
 0.9972689
 0.9972689
 0.9972689
 0.9972689
 0.9973623
 0.9973623
 0.9973623
 0.9973623
 0.9973623
 0.9973623
 0.9973623
 0.9973623
 0.9973623
 0.9973623
 0.9973623
 0.9973623
 0.9975179
 0.9975179
 0.9975179
 0.9975179
 0.9975179
 0.9975179
 0.9975179
 0.9975179
 0.9975179
 0.9975179
 0.9975179
 0.9975179
 0.9975179
 0.9975179
 0.9975179
 0.9975179
 0.9975179
 0.9975179
 0.9975179
 0.9975179
 0.9975179
 0.9975179
 0.9975179
 0.9975179
 0.9975179
 0.9975179
 0.9975179
 0.9975179
 0.9975179
 0.9975179
 0.9975179
 0.9975179
 0.9975179
 0.9975179
 0.9975179
 0.9975179
 0.9975179
 0.9975179
 0.9975179
 0.9975179
 0.9976424
 0.9976424
 0.9976424
 0.9976424
 0.9977591
 0.9977591
 0.9977591
 0.9977591
 0.9977591
 0.9977591
 0.9977591
 0.9977591
 0.9978758
 0.9978758
 0.9978758
 0.9978758
 0.9978758
 0.9978758
 0.9978758
 0.9978758
 0.9978758
 0.9978758
 0.9978758
 0.9978758
 0.9978758
 0.9978758
 0.9978758
 0.9978758
 0.9978758
 0.9978758
 0.9981092
 0.9981092
 0.9981092
 0.9981092
 0.9981092
 0.9981092
 0.9981092
 0.9981092
 0.9981092
 0.9981092
 0.9981092
 0.9981092
 0.9981092
 0.9981092
 0.9981092
 0.9981092
 0.9981092
 0.9981092
 0.9981092
 0.9981092
 0.9981092
 0.9981092
 0.9982026
 0.9982026
 0.9982026
 0.9982026
 0.9982960
 0.9982960
 0.9982960
 0.9982960
 0.9982960
 0.9982960
 0.9985294
 0.9985294
 0.9985294
 0.9985294
 0.9986228
 0.9986228
 0.9986228
 0.9986228
 0.9986228
 0.9986228
 0.9986228
 0.9986228
 0.9986228
 0.9986228
 0.9986228
 0.9986228
 0.9986228
 0.9986228
 0.9986228
 0.9986228
 0.9986228
 0.9986228
 0.9986228
 0.9986228
 0.9986228
 0.9986228
 0.9986228
 0.9986228
 0.9986228
 0.9986228
 0.9986228
 0.9986228
 0.9986228
 0.9986228
 0.9987784
 0.9987784
 0.9991674
 0.9991674
 0.9991674
 0.9991674
 0.9991674
 0.9991674
 0.9991674
 0.9991674
 0.9991674
 0.9991674
 0.9991674
 0.9991674
 0.9991674
 0.9991674
 0.9991674
 0.9991674
 0.9991674
 0.9991674
 0.9991674
 0.9991674
 0.9991674
 0.9991674
 0.9991674
 0.9991674
 0.9991674
 0.9991674
 0.9991674
 0.9991674
 0.9991674
 0.9991674
 0.9991674
 0.9991674
 0.9991674
 0.9991674
 0.9991674
 0.9991674
 0.9991674
 0.9991674
 0.9991674
 0.9991674
 0.9991674
 0.9992842
 0.9992842
 0.9992842
 0.9992842
 0.9992842
 0.9992842
 0.9992842
 0.9992842
 0.9992842
 0.9992842
 0.9992842
 0.9992842
 0.9992842
 0.9992842
 0.9992842
 0.9992842
 0.9992842
 0.9992842
 0.9992842
 0.9992842
 0.9992842
 0.9992842
 0.9992842
 0.9992842
 0.9992842
 0.9992842
 0.9992842
 0.9992842
 0.9992842
 0.9995176
 0.9995176
 0.9995176
 0.9995176
 0.9995176
 0.9995176
 0.9995176
 0.9995176
 0.9995176
 0.9995176
 0.9995176
 0.9995176
 0.9995176
 0.9995176
 0.9995176
 0.9995176
 0.9995176
 0.9995176
 0.9995176
 0.9995176
 0.9995176
 0.9995176
 0.9995176
 0.9995176
 0.9995176
 0.9995176
 0.9995176
 0.9995176
 0.9995176
 0.9995176
 0.9996732
 0.9996732
 0.9996732
 0.9996732
 0.9996732
 0.9996732
 0.9996732
 0.9996732
 0.9996732
 0.9996732
 0.9996732
 0.9996732
 0.9996732
 0.9996732
 0.9996732
 0.9996732
 0.9996732
 0.9996732
 0.9996732
 0.9996732
 0.9996732
 0.9996732
 0.9996732
 0.9996732
 0.9996732
 0.9996732
 0.9996732
 0.9996732
 0.9996732
 0.9996732
 0.9996732
 0.9996732
 0.9996732
 0.9996732
 0.9996732
 0.9996732
 0.9996732
 0.9996732
 0.9996732
 0.9996732
 0.9996732
 0.9996732
 0.9996732
 0.9996732
 0.9996732
 0.9996732
 0.9996732
 0.9996732
 0.9996732
 0.9996732
 0.9996732
 0.9996732
 0.9996732
 0.9996732
 0.9996732
 0.9996732
 0.9996732
 0.9996732
 0.9996732
 0.9996732
 0.9996732
 0.9996732
 0.9996732
 0.9996732
 0.9996732
 0.9996732
 0.9996732
 0.9996732
 0.9996732
 0.9996732
 0.9996732
 0.9996732
 0.9996732
 0.9996732
 0.9996732
 0.9996732
 0.9996732
 0.9996732
 0.9996732
 0.9996732
 0.9996732
 0.9996732
 0.9996732
 0.9996732
 0.9996732
 0.9996732
 0.9996732
 0.9996732
 0.9996732
 0.9996732
 0.9996732
 0.9996732
 0.9996732
 0.9996732
 0.9996732
 0.9996732
 0.9996732
 0.9996732
 0.9996732
 0.9996732
 0.9996732
 0.9996732
 0.9996732
 0.9996732
 0.9996732
 0.9996732
 0.9996732
 0.9996732
 0.9996732
 0.9996732
 0.9996732
 0.9996732
 0.9996732
 0.9996732
 0.9996732
 0.9996732
 0.9996732
 0.9996732
 0.9996732
 0.9996732
 0.9996732
 0.9996732
 0.9996732
 0.9996732
 0.9996732
 0.9996732
 0.9996732
 0.9996732
 0.9996732
 0.9996732
 0.9996732
 0.9996732
 0.9996732
 0.9996732
 0.9996732
 0.9996732
 0.9996732
 0.9996732
 0.9996732
 0.9996732
 0.9996732
 0.9996732
 0.9996732
 0.9996732
 0.9996732
 0.9996732
 0.9996732
 0.9996732
 0.9996732
 0.9996732
 0.9996732
 0.9996732
 0.9996732
 0.9996732
 0.9996732
 0.9996732
 0.9996732
 0.9996732
 0.9996732
 0.9996732
 0.9996732
 0.9996732
 0.9996732
 0.9996732
 0.9996732
 0.9996732
 0.9996732
 0.9996732
 0.9996732
 0.9996732
 0.9996732
 0.9996732
 0.9996732
 0.9996732
 0.9996732
 0.9996732
 0.9996732
 0.9996732
 0.9996732
 0.9996732
 0.9996732
 0.9996732
 0.9996732
 0.9996732
 0.9996732
 0.9996732
 0.9996732
 0.9996732
 0.9996732
 0.9996732
 0.9996732
 0.9996732
 0.9996732
 0.9996732
 0.9996732
 0.9996732
 0.9996732
 0.9996732
 0.9996732
 0.9996732
 0.9996732
 0.9996732
 0.9996732
 0.9996732
 0.9996732
 0.9996732
 0.9996732
 0.9996732
 0.9996732
 0.9996732
 0.9996732
 0.9996732
 0.9996732
 0.9996732
 0.9996732
 0.9996732
 0.9996732
 0.9996732
 0.9996732
 0.9996732
 0.9996732
 0.9996732
 0.9996732
 0.9996732
 0.9996732
 0.9996732
 0.9996732
 0.9996732
 0.9996732
 0.9996732
 0.9996732
 0.9996732
 0.9996732
 0.9996732
 0.9996732
 0.9996732
 0.9996732
 0.9996732
 0.9996732
 0.9996732
 0.9996732
 0.9996732
 0.9996732
 0.9996732
 0.9996732
 0.9996732
 0.9996732
 0.9996732
 0.9996732
 0.9996732
 0.9996732
 0.9996732
 0.9996732
 0.9996732
 0.9996732
 0.9996732
 0.9996732
 0.9996732
 0.9996732
 0.9996732
 0.9996732
 0.9996732
 0.9996732
 0.9996732
 0.9996732
 0.9996732
 0.9996732
 0.9996732
 0.9996732
 0.9996732
 0.9996732
 0.9996732
 0.9996732
 0.9996732
 0.9996732
 0.9996732
 0.9996732
 0.9996732
 0.9996732
 0.9996732
 0.9996732
 0.9996732
 0.9996732
 0.9996732
 0.9996732
 0.9996732
 0.9996732
 0.9996732
 0.9996732
 0.9996732
 0.9996732
 0.9996732
 0.9996732
 0.9996732
 0.9996732
 0.9996732
 0.9996732
 0.9996732
 0.9996732
 0.9996732
 0.9996732
 0.9996732
 0.9996732
 0.9996732
 0.9996732
 0.9996732
 0.9996732
 0.9996732
 0.9996732
 0.9996732
 0.9996732
 0.9996732
 0.9996732
 0.9996732
 0.9996732
 0.9996732
 0.9996732
 0.9996732
 0.9996732
 0.9996732
 0.9996732
 0.9996732
 0.9996732
 0.9996732
 0.9996732
 0.9996732
 0.9996732
 0.9996732
 0.9996732
 0.9996732
 0.9996732
 0.9996732
 0.9996732
 0.9996732
 0.9996732
 0.9996732
 0.9996732
 0.9996732
 0.9996732
 0.9996732
 0.9996732
 0.9996732
 0.9996732
 0.9996732
 0.9996732
 0.9996732
 0.9996732
 0.9996732
 0.9996732
 0.9996732
 0.9996732
 0.9996732
 0.9996732
 0.9996732
 0.9996732
 0.9996732
 0.9996732
 0.9996732
 0.9996732
 0.9996732
 0.9996732
 0.9996732
 0.9996732
 0.9996732
 0.9996732
 0.9996732
 0.9996732
 0.9996732
 0.9996732
 0.9996732
 0.9996732
 0.9996732
 0.9996732
 0.9996732
 0.9996732
 0.9996732
 0.9996732
 0.9996732
 0.9996732
 0.9996732
 0.9996732
 0.9996732
 0.9996732
 0.9996732
 0.9996732
 0.9996732
 0.9996732
 0.9996732
 0.9996732
 0.9996732
 0.9996732
 0.9996732
 0.9996732
 0.9996732
 0.9996732
 0.9996732
 0.9996732
 0.9996732
 0.9996732
 0.9996732
 0.9996732
 0.9996732
 0.9996732
 0.9996732
 0.9996732
 0.9996732
 0.9996732
 0.9996732
 0.9996732
 0.9996732
 0.9996732
 0.9996732
 0.9996732
 0.9996732
 0.9996732
 0.9996732
 0.9996732
 0.9996732
 0.9996732
 0.9996732
 0.9996732
 0.9996732
 0.9996732
 0.9996732
 0.9996732
 0.9996732
 0.9996732
 0.9996732
 0.9996732
 0.9996732
 0.9996732
 0.9996732
 0.9996732
 0.9996732
 0.9996732
 0.9996732
 0.9996732
 0.9996732
 0.9996732
 0.9996732
 0.9996732
 0.9996732
 0.9996732
 0.9996732
 0.9996732
 0.9997666
 0.9997666
 0.9997666
 0.9997666
 0.9997666
 0.9997666
 0.9997666
 0.9997666
 0.9997666
 0.9997666
 0.9997666
 0.9997666
 0.9997666
 0.9997666
 0.9997666
 0.9997666
 0.9997666
 0.9997666
 0.9997666
 0.9997666
 0.9997666
 0.9997666
 0.9997666
 0.9997666
 0.9997666
 0.9997666
 0.9997666
 0.9997666
 0.9997666
 0.9997666
 0.9997666
 0.9997666
 0.9997666
 0.9997666
 0.9997666
 0.9997666
 0.9997666
 0.9997666
 0.9997666
 0.9997666
 0.9997666
 0.9997666
 0.9997666
 0.9997666
 0.9997666
 0.9997666
 0.9997666
 0.9997666
 0.9997666
 0.9997666
 0.9997666
 0.9997666
 0.9997666
 0.9997666
 0.9997666
 0.9997666
 0.9997666
 0.9997666
 0.9997666
 0.9997666
 0.9997666
 0.9997666
 0.9997666
 0.9997666
 0.9997666
 0.9997666
 0.9997666
 0.9997666
 0.9997666
 0.9997666
 0.9997666
 0.9997666
 0.9997666
 0.9997666
 0.9997666
 0.9997666
 0.9997666
 0.9997666
 0.9997666
 0.9997666
 0.9997666
 0.9997666
 0.9997666
 0.9997666
 0.9997666
 0.9997666
 0.9997666
 0.9997666
 0.9997666
 0.9997666
 0.9997666
 0.9997666
 0.9997666
 0.9997666
 0.9997666
 0.9997666
 0.9997666
 0.9997666
 0.9997666
 0.9997666
 0.9997666
 0.9997666
 0.9997666
 0.9997666
 0.9997666
 0.9997666
 0.9997666
 0.9997666
 0.9997666
 0.9997666
 0.9997666
 0.9997666
 0.9997666
 0.9997666
 0.9997666
 0.9997666
 0.9997666
 0.9997666
 0.9997666
 0.9997666
 0.9997666
 0.9997666
 0.9997666
 0.9997666
 0.9997666
 0.9997666
 0.9997666
 0.9997666
 0.9997666
 0.9997666
 0.9997666
 0.9997666
 0.9997666
 0.9997666
 0.9997666
 0.9997666
 0.9997666
 0.9997666
 0.9997666
 0.9997666
 0.9997666
 0.9997666
 0.9997666
 0.9997666
 0.9997666
 0.9997666
 0.9997666
 0.9997666
 0.9997666
 0.9997666
 0.9997666
 0.9997666
 0.9997666
 0.9997666
 0.9997666
 0.9997666
 0.9997666
 0.9997666
 0.9997666
 0.9997666
 0.9997666
 0.9997666
 0.9997666
 0.9997666
 0.9997666
 0.9997666
 0.9997666
 0.9997666
 0.9997666
 0.9997666
 0.9997666
 0.9997666
 0.9997666
 0.9997666
 0.9997666
 0.9997666
 0.9997666
 0.9997666
 0.9997666
 0.9997666
 0.9997666
 0.9997666
 0.9997666
 0.9997666
 0.9997666
 0.9997666
 0.9997666
 0.9997666
 0.9997666
 0.9997666
 0.9997666
 0.9997666
 0.9997666
 0.9997666
 0.9997666
 0.9997666
 0.9997666
 0.9997666
 0.9997666
 0.9997666
 0.9997666
 0.9997666
 0.9997666
 0.9997666
 0.9997666
 0.9997666
 0.9997666
 0.9997666
 0.9997666
 0.9997666
 0.9997666
 0.9997666
 0.9997666
 0.9997666
 0.9997666
 0.9997666
 0.9997666
 0.9997666
 0.9997666
 0.9997666
 0.9997666
 0.9997666
 0.9997666
 0.9997666
 0.9997666
 0.9997666
 0.9997666
 0.9997666
 1.0000000
 1.0000000
 1.0000000
 1.0000000
 1.0000000
 1.0000000
 1.0000000
 1.0000000
 1.0000000
 1.0000000
 1.0000000
 1.0000000
 1.0000000
 1.0000000
 1.0000000
 1.0000000
 1.0000000
 1.0000000
 1.0000000
 1.0000000
 1.0000000
 1.0000000
 1.0000000
 1.0000000
 1.0000000
 1.0000000
 1.0000000
 1.0000000
 1.0000000
 1.0000000
 1.0000000
 1.0000000
 1.0000000
 1.0000000
 1.0000000
 1.0000000
 1.0000000
 1.0000000
 1.0000000
 1.0000000
 1.0000000
 1.0000000
 1.0000000
 1.0000000
 1.0000000
 1.0000000
 1.0000000
 1.0000000
 1.0000000
 1.0000000
 1.0000000
 1.0000000
 1.0000000
 1.0000000
 1.0000000
 1.0000000
 1.0000000
 1.0000000
 1.0000000
 1.0000000
 1.0000000
 1.0000000
 1.0000000
 1.0000000
 1.0000000
 1.0000000
 1.0000000
 1.0000000
 1.0000000
 1.0000000
 1.0000000
 1.0000000
 1.0000000
 1.0000000
 1.0000000
 1.0000000
 1.0000000
 1.0000000
 1.0000000
 1.0000000
 1.0000000
 1.0000000
 1.0000000
 1.0000000
 1.0000000
 1.0000000
 1.0000000
 1.0000000
 1.0000000
 1.0000000
 1.0000000
 1.0000000
 1.0000000
 1.0000000
 1.0000000
 1.0000000
 1.0000000
 1.0000000
 1.0000000
 1.0000000
 1.0000000
 1.0000000
 1.0000000
 1.0000000
 1.0000000
 1.0000000
 1.0000000
 1.0000000
 1.0000000
 1.0000000
 1.0000000
 1.0000000
 1.0000000
 1.0000000
 1.0000000
 1.0000000
 1.0000000
 1.0000000
 1.0000000
 1.0000000
 1.0000000
 1.0000000
 1.0000000
 1.0000000
 1.0000000
 1.0000000
 1.0000000
 1.0000000
 1.0000000
 1.0000000
 1.0000000
 1.0000000
 1.0000000
 1.0000000
 1.0000000
 1.0000000
 1.0000000
 1.0000000
 1.0000000
 1.0000000
 1.0000000
 1.0000000
 1.0000000
 1.0000000
 1.0000000
 1.0000000
 1.0000000
 1.0000000
 1.0000000
 1.0000000
 1.0000000
 1.0000000
 1.0000000
 1.0000000
 1.0000000
 1.0000000
 1.0000000
 1.0000000
 1.0000000
 1.0000000
 1.0000000
 1.0000000
 1.0000000
