 0.0000000
 0.0000000
 0.0000000
 0.0000000
 0.0000000
 0.0000000
 0.0000000
 0.0000000
 0.0000000
 0.0000000
 0.0000000
 0.0000000
 0.0000000
 0.0000000
 0.0000000
 0.0000000
 0.0000000
 0.0000000
 0.0000000
 0.0000000
 0.0000000
 0.0000000
 0.0016885
 0.0016885
 0.0036667
 0.0036667
 0.0806537
 0.0821591
 0.1394863
 0.1500245
 0.1620392
 0.1657499
 0.2306589
 0.2366619
 0.2407812
 0.2456357
 0.2735965
 0.2750935
 0.2860087
 0.3761002
 0.3947286
 0.4152131
 0.4170124
 0.4260883
 0.4286217
 0.4865367
 0.4865367
 0.4880229
 0.4983502
 0.7211736
 0.7212903
 0.8722731
 0.8723898
 0.8796163
 0.8796163
 0.8848411
 0.8848411
 0.8955155
 0.8955155
 0.8971355
 0.8971355
 0.9089235
 0.9092737
 0.9161697
 0.9161697
 0.9217222
 0.9217222
 0.9217222
 0.9217222
 0.9243696
 0.9243696
 0.9257173
 0.9257173
 0.9268066
 0.9268066
 0.9295727
 0.9295727
 0.9302224
 0.9304558
 0.9333114
 0.9333114
 0.9363693
 0.9363693
 0.9376298
 0.9376298
 0.9410845
 0.9410845
 0.9418937
 0.9418937
 0.9430604
 0.9430604
 0.9431771
 0.9431771
 0.9438151
 0.9439318
 0.9455024
 0.9455024
 0.9455024
 0.9455024
 0.9457125
 0.9457125
 0.9462597
 0.9462597
 0.9471623
 0.9471623
 0.9495919
 0.9495919
 0.9497631
 0.9497631
 0.9501599
 0.9501599
 0.9501599
 0.9501599
 0.9505645
 0.9505645
 0.9514775
 0.9514775
 0.9515942
 0.9515942
 0.9518463
 0.9518463
 0.9519630
 0.9519630
 0.9520797
 0.9520797
 0.9520797
 0.9520797
 0.9531146
 0.9531146
 0.9535814
 0.9535814
 0.9549794
 0.9549794
 0.9553295
 0.9553295
 0.9564002
 0.9564002
 0.9570226
 0.9570226
 0.9570226
 0.9570226
 0.9573339
 0.9573339
 0.9574895
 0.9574895
 0.9578396
 0.9578396
 0.9582287
 0.9582287
 0.9583454
 0.9583454
 0.9583454
 0.9583454
 0.9583454
 0.9583454
 0.9593647
 0.9593647
 0.9597148
 0.9597148
 0.9604618
 0.9604618
 0.9611776
 0.9611776
 0.9613333
 0.9613333
 0.9615667
 0.9615667
 0.9616601
 0.9616601
 0.9617638
 0.9617638
 0.9625471
 0.9625471
 0.9625471
 0.9625471
 0.9631462
 0.9631462
 0.9631462
 0.9631462
 0.9633796
 0.9633796
 0.9634263
 0.9634263
 0.9634263
 0.9634263
 0.9640021
 0.9640021
 0.9644690
 0.9644690
 0.9650214
 0.9650214
 0.9652315
 0.9652315
 0.9653871
 0.9653871
 0.9655972
 0.9655972
 0.9659240
 0.9660174
 0.9660174
 0.9660174
 0.9660174
 0.9660174
 0.9660174
 0.9660174
 0.9660174
 0.9660174
 0.9667087
 0.9667087
 0.9667087
 0.9667087
 0.9667087
 0.9667087
 0.9669188
 0.9669188
 0.9674323
 0.9674323
 0.9674323
 0.9674323
 0.9674323
 0.9674323
 0.9675257
 0.9675257
 0.9676424
 0.9676424
 0.9676424
 0.9676424
 0.9676424
 0.9676424
 0.9680314
 0.9680314
 0.9680314
 0.9680314
 0.9680314
 0.9681248
 0.9683582
 0.9683582
 0.9684360
 0.9686695
 0.9691130
 0.9691130
 0.9693697
 0.9693697
 0.9694865
 0.9694865
 0.9694865
 0.9694865
 0.9696421
 0.9696421
 0.9699689
 0.9699689
 0.9699689
 0.9699689
 0.9704046
 0.9704046
 0.9707314
 0.9707314
 0.9707314
 0.9707314
 0.9707314
 0.9707314
 0.9710037
 0.9710037
 0.9710037
 0.9710037
 0.9710037
 0.9710037
 0.9712138
 0.9712138
 0.9712138
 0.9712138
 0.9713694
 0.9713694
 0.9714628
 0.9714628
 0.9715795
 0.9715795
 0.9715795
 0.9715795
 0.9716418
 0.9716418
 0.9722020
 0.9722020
 0.9723187
 0.9723187
 0.9727778
 0.9727778
 0.9727778
 0.9727778
 0.9727778
 0.9727778
 0.9730501
 0.9730501
 0.9736804
 0.9736804
 0.9736804
 0.9736804
 0.9737037
 0.9737037
 0.9737971
 0.9737971
 0.9737971
 0.9737971
 0.9741394
 0.9741394
 0.9745674
 0.9745674
 0.9745674
 0.9745674
 0.9745674
 0.9745674
 0.9746608
 0.9746608
 0.9746608
 0.9746608
 0.9749409
 0.9749409
 0.9750965
 0.9750965
 0.9752132
 0.9752132
 0.9752132
 0.9752132
 0.9752132
 0.9752132
 0.9752132
 0.9752132
 0.9752132
 0.9752132
 0.9757190
 0.9757190
 0.9757190
 0.9757190
 0.9757190
 0.9758123
 0.9758901
 0.9758901
 0.9758901
 0.9758901
 0.9758901
 0.9758901
 0.9760068
 0.9760068
 0.9761002
 0.9761002
 0.9761002
 0.9761002
 0.9761002
 0.9761002
 0.9761002
 0.9761002
 0.9761002
 0.9761002
 0.9761002
 0.9761002
 0.9761002
 0.9761002
 0.9764893
 0.9764893
 0.9766449
 0.9766449
 0.9769561
 0.9769561
 0.9770728
 0.9770728
 0.9771662
 0.9771662
 0.9772829
 0.9772829
 0.9772829
 0.9772829
 0.9774385
 0.9774385
 0.9774385
 0.9774385
 0.9775319
 0.9775319
 0.9784267
 0.9784267
 0.9785201
 0.9785201
 0.9786368
 0.9786368
 0.9786368
 0.9786368
 0.9786368
 0.9786368
 0.9788702
 0.9788702
 0.9788702
 0.9788702
 0.9788702
 0.9788702
 0.9788702
 0.9788702
 0.9794616
 0.9794616
 0.9794616
 0.9794616
 0.9796172
 0.9796172
 0.9796172
 0.9796172
 0.9796172
 0.9796172
 0.9796172
 0.9797106
 0.9797106
 0.9797106
 0.9806404
 0.9806404
 0.9809983
 0.9809983
 0.9809983
 0.9809983
 0.9809983
 0.9809983
 0.9811150
 0.9811150
 0.9811150
 0.9811150
 0.9813251
 0.9813251
 0.9813251
 0.9813251
 0.9813251
 0.9813251
 0.9813251
 0.9813251
 0.9816519
 0.9816519
 0.9816519
 0.9816519
 0.9816519
 0.9816519
 0.9816519
 0.9816519
 0.9818853
 0.9818853
 0.9820020
 0.9820020
 0.9820020
 0.9820020
 0.9820020
 0.9820020
 0.9820020
 0.9820020
 0.9820020
 0.9820020
 0.9820020
 0.9820020
 0.9820020
 0.9820020
 0.9822121
 0.9822121
 0.9824222
 0.9824222
 0.9824222
 0.9824222
 0.9825156
 0.9825156
 0.9825156
 0.9825156
 0.9825156
 0.9825156
 0.9828813
 0.9828813
 0.9828813
 0.9828813
 0.9828813
 0.9828813
 0.9828813
 0.9828813
 0.9828813
 0.9828813
 0.9829980
 0.9829980
 0.9829980
 0.9829980
 0.9829980
 0.9829980
 0.9831147
 0.9831147
 0.9833450
 0.9833450
 0.9833450
 0.9833450
 0.9835006
 0.9835006
 0.9835006
 0.9835006
 0.9836562
 0.9836562
 0.9838897
 0.9838897
 0.9838897
 0.9838897
 0.9838897
 0.9838897
 0.9838897
 0.9838897
 0.9840064
 0.9840064
 0.9840064
 0.9840064
 0.9840998
 0.9840998
 0.9843332
 0.9843332
 0.9843332
 0.9843332
 0.9843332
 0.9843332
 0.9843332
 0.9843332
 0.9844499
 0.9844499
 0.9844499
 0.9844499
 0.9844499
 0.9844499
 0.9844499
 0.9844499
 0.9844499
 0.9844499
 0.9844499
 0.9844499
 0.9844499
 0.9844499
 0.9844499
 0.9844499
 0.9844499
 0.9844499
 0.9844499
 0.9844499
 0.9844499
 0.9844499
 0.9846055
 0.9846055
 0.9846055
 0.9846055
 0.9848156
 0.9848156
 0.9848156
 0.9848156
 0.9848156
 0.9848156
 0.9848623
 0.9848623
 0.9848623
 0.9848623
 0.9848623
 0.9848623
 0.9848623
 0.9848623
 0.9848623
 0.9848623
 0.9848623
 0.9848623
 0.9849401
 0.9849401
 0.9849401
 0.9849401
 0.9851735
 0.9851735
 0.9851735
 0.9851735
 0.9852513
 0.9852513
 0.9861267
 0.9861267
 0.9862200
 0.9862200
 0.9862200
 0.9862200
 0.9862200
 0.9862200
 0.9862200
 0.9862200
 0.9862200
 0.9862200
 0.9862200
 0.9862200
 0.9863368
 0.9863368
 0.9864301
 0.9864301
 0.9866636
 0.9866636
 0.9869437
 0.9869437
 0.9869437
 0.9869437
 0.9870370
 0.9870370
 0.9871304
 0.9871304
 0.9871304
 0.9871304
 0.9871304
 0.9871304
 0.9871304
 0.9871304
 0.9873638
 0.9873638
 0.9874105
 0.9874105
 0.9874105
 0.9874105
 0.9874883
 0.9874883
 0.9877373
 0.9877373
 0.9877373
 0.9877373
 0.9877373
 0.9877373
 0.9877373
 0.9877373
 0.9877373
 0.9877373
 0.9878929
 0.9878929
 0.9878929
 0.9878929
 0.9878929
 0.9878929
 0.9879863
 0.9879863
 0.9879863
 0.9879863
 0.9879863
 0.9879863
 0.9879863
 0.9879863
 0.9879863
 0.9879863
 0.9879863
 0.9879863
 0.9879863
 0.9879863
 0.9879863
 0.9879863
 0.9879863
 0.9879863
 0.9879863
 0.9879863
 0.9879863
 0.9879863
 0.9879863
 0.9879863
 0.9879863
 0.9879863
 0.9879863
 0.9879863
 0.9880797
 0.9880797
 0.9880797
 0.9880797
 0.9880797
 0.9880797
 0.9880797
 0.9880797
 0.9880797
 0.9880797
 0.9880797
 0.9880797
 0.9880797
 0.9880797
 0.9880797
 0.9880797
 0.9880797
 0.9880797
 0.9881730
 0.9881730
 0.9881730
 0.9881730
 0.9881730
 0.9881730
 0.9883287
 0.9883287
 0.9883287
 0.9883287
 0.9883287
 0.9884454
 0.9884454
 0.9884454
 0.9886010
 0.9886010
 0.9886010
 0.9886010
 0.9886010
 0.9886010
 0.9886010
 0.9886010
 0.9886010
 0.9886010
 0.9886010
 0.9886010
 0.9888500
 0.9888500
 0.9888500
 0.9888500
 0.9891184
 0.9891184
 0.9891184
 0.9891184
 0.9891184
 0.9891184
 0.9891184
 0.9891184
 0.9891184
 0.9891184
 0.9891184
 0.9891184
 0.9891184
 0.9891184
 0.9891184
 0.9891184
 0.9891184
 0.9891184
 0.9891184
 0.9891184
 0.9891184
 0.9891184
 0.9893285
 0.9893285
 0.9894452
 0.9894452
 0.9894452
 0.9894452
 0.9894452
 0.9894452
 0.9894452
 0.9894452
 0.9894452
 0.9894452
 0.9894452
 0.9894452
 0.9896008
 0.9896008
 0.9897176
 0.9897176
 0.9897176
 0.9897176
 0.9898343
 0.9898343
 0.9898343
 0.9898343
 0.9898343
 0.9898343
 0.9898343
 0.9898343
 0.9899899
 0.9899899
 0.9899899
 0.9899899
 0.9904178
 0.9904178
 0.9904178
 0.9904178
 0.9904178
 0.9904178
 0.9904178
 0.9904178
 0.9904178
 0.9904178
 0.9907291
 0.9907291
 0.9907291
 0.9907291
 0.9908458
 0.9908458
 0.9910792
 0.9910792
 0.9911959
 0.9911959
 0.9911959
 0.9911959
 0.9911959
 0.9911959
 0.9911959
 0.9911959
 0.9911959
 0.9911959
 0.9913515
 0.9913515
 0.9913515
 0.9913515
 0.9913515
 0.9913515
 0.9913515
 0.9913515
 0.9913515
 0.9913515
 0.9915072
 0.9915072
 0.9915072
 0.9915072
 0.9915072
 0.9915072
 0.9915072
 0.9915072
 0.9915072
 0.9915072
 0.9915072
 0.9915072
 0.9915072
 0.9915072
 0.9915072
 0.9916239
 0.9916239
 0.9916239
 0.9916239
 0.9916239
 0.9916239
 0.9916239
 0.9916239
 0.9916239
 0.9916239
 0.9916239
 0.9916239
 0.9916239
 0.9916239
 0.9916239
 0.9916239
 0.9916239
 0.9916239
 0.9916239
 0.9916239
 0.9916239
 0.9920129
 0.9920129
 0.9920129
 0.9920129
 0.9920129
 0.9920129
 0.9920129
 0.9920129
 0.9920129
 0.9920129
 0.9920129
 0.9920129
 0.9920129
 0.9920129
 0.9920129
 0.9920129
 0.9920129
 0.9920129
 0.9921296
 0.9921296
 0.9921296
 0.9921296
 0.9921296
 0.9921296
 0.9922852
 0.9922852
 0.9922852
 0.9922852
 0.9922852
 0.9922852
 0.9922852
 0.9922852
 0.9922852
 0.9922852
 0.9922852
 0.9922852
 0.9922852
 0.9922852
 0.9922852
 0.9922852
 0.9922852
 0.9922852
 0.9922852
 0.9922852
 0.9922852
 0.9922852
 0.9922852
 0.9922852
 0.9922852
 0.9922852
 0.9922852
 0.9922852
 0.9922852
 0.9922852
 0.9922852
 0.9922852
 0.9922852
 0.9922852
 0.9922852
 0.9922852
 0.9922852
 0.9922852
 0.9925187
 0.9925187
 0.9926354
 0.9926354
 0.9926354
 0.9926354
 0.9926354
 0.9926354
 0.9927521
 0.9927521
 0.9927521
 0.9927521
 0.9927521
 0.9927521
 0.9930205
 0.9930205
 0.9930205
 0.9930205
 0.9930205
 0.9930205
 0.9930205
 0.9930205
 0.9930205
 0.9930205
 0.9930205
 0.9930205
 0.9930205
 0.9930205
 0.9930205
 0.9930205
 0.9931762
 0.9931762
 0.9931762
 0.9931762
 0.9931762
 0.9931762
 0.9931762
 0.9931762
 0.9931762
 0.9931762
 0.9931762
 0.9931762
 0.9931762
 0.9931762
 0.9931762
 0.9931762
 0.9931762
 0.9931762
 0.9932695
 0.9932695
 0.9934563
 0.9934563
 0.9934563
 0.9934563
 0.9934563
 0.9934563
 0.9934563
 0.9934563
 0.9934563
 0.9934563
 0.9934563
 0.9934563
 0.9934563
 0.9934563
 0.9934563
 0.9934563
 0.9934563
 0.9934563
 0.9935730
 0.9935730
 0.9935730
 0.9935730
 0.9935730
 0.9935730
 0.9935730
 0.9935730
 0.9935730
 0.9935730
 0.9935730
 0.9935730
 0.9935730
 0.9935730
 0.9935730
 0.9935730
 0.9935730
 0.9935730
 0.9935730
 0.9935730
 0.9938064
 0.9938064
 0.9938064
 0.9938064
 0.9938064
 0.9938064
 0.9938064
 0.9938064
 0.9938064
 0.9938064
 0.9938064
 0.9938064
 0.9938064
 0.9938064
 0.9938064
 0.9938064
 0.9938064
 0.9938064
 0.9938064
 0.9938064
 0.9939231
 0.9939231
 0.9939231
 0.9939231
 0.9939231
 0.9940398
 0.9940398
 0.9940398
 0.9940398
 0.9940398
 0.9940398
 0.9940398
 0.9940398
 0.9940398
 0.9940398
 0.9940398
 0.9940398
 0.9940398
 0.9940398
 0.9940398
 0.9940398
 0.9940398
 0.9940398
 0.9940398
 0.9940398
 0.9940398
 0.9941566
 0.9941566
 0.9941566
 0.9941566
 0.9942499
 0.9942499
 0.9942499
 0.9942499
 0.9943666
 0.9943666
 0.9943666
 0.9943666
 0.9943666
 0.9943666
 0.9943666
 0.9943666
 0.9943666
 0.9943666
 0.9943666
 0.9943666
 0.9944600
 0.9944600
 0.9944600
 0.9944600
 0.9944600
 0.9944600
 0.9944600
 0.9944600
 0.9944600
 0.9944600
 0.9944600
 0.9944600
 0.9945767
 0.9945767
 0.9945767
 0.9945767
 0.9945767
 0.9945767
 0.9945767
 0.9945767
 0.9945767
 0.9945767
 0.9946701
 0.9946701
 0.9946701
 0.9946701
 0.9946701
 0.9946701
 0.9947868
 0.9947868
 0.9947868
 0.9947868
 0.9947868
 0.9947868
 0.9948802
 0.9948802
 0.9948802
 0.9948802
 0.9948802
 0.9948802
 0.9948802
 0.9948802
 0.9948802
 0.9948802
 0.9949735
 0.9949735
 0.9949735
 0.9949735
 0.9949735
 0.9949735
 0.9949735
 0.9949735
 0.9949735
 0.9949735
 0.9949735
 0.9949735
 0.9949735
 0.9949735
 0.9949735
 0.9949735
 0.9951292
 0.9951292
 0.9951292
 0.9951292
 0.9951292
 0.9951292
 0.9951292
 0.9951292
 0.9952459
 0.9952459
 0.9952459
 0.9952459
 0.9952459
 0.9952459
 0.9952459
 0.9952459
 0.9952459
 0.9952459
 0.9952459
 0.9952459
 0.9952459
 0.9952459
 0.9952459
 0.9952459
 0.9952459
 0.9952459
 0.9952459
 0.9952459
 0.9952459
 0.9952459
 0.9952459
 0.9952459
 0.9952459
 0.9952459
 0.9952459
 0.9952459
 0.9952459
 0.9952459
 0.9952459
 0.9952459
 0.9952459
 0.9952459
 0.9952459
 0.9952459
 0.9954015
 0.9954015
 0.9954015
 0.9954015
 0.9954793
 0.9954793
 0.9954793
 0.9954793
 0.9954793
 0.9954793
 0.9954793
 0.9954793
 0.9954793
 0.9954793
 0.9954793
 0.9954793
 0.9955727
 0.9955727
 0.9955727
 0.9955727
 0.9955727
 0.9955727
 0.9955727
 0.9955727
 0.9955727
 0.9955727
 0.9955727
 0.9955727
 0.9955727
 0.9955727
 0.9955727
 0.9955727
 0.9955727
 0.9955727
 0.9955727
 0.9955727
 0.9955727
 0.9955727
 0.9955727
 0.9955727
 0.9955727
 0.9955727
 0.9955727
 0.9955727
 0.9955727
 0.9955727
 0.9955727
 0.9955727
 0.9955727
 0.9955727
 0.9957283
 0.9957283
 0.9957283
 0.9957283
 0.9958450
 0.9958450
 0.9958450
 0.9958450
 0.9958450
 0.9958450
 0.9958450
 0.9958450
 0.9958450
 0.9958450
 0.9958450
 0.9958450
 0.9958450
 0.9958450
 0.9958450
 0.9958450
 0.9958450
 0.9958450
 0.9958450
 0.9958450
 0.9958450
 0.9958450
 0.9958450
 0.9958450
 0.9958450
 0.9958450
 0.9958450
 0.9958450
 0.9958450
 0.9958450
 0.9958450
 0.9958450
 0.9958450
 0.9958450
 0.9959228
 0.9959228
 0.9960784
 0.9960784
 0.9960784
 0.9960784
 0.9960784
 0.9960784
 0.9960784
 0.9960784
 0.9960784
 0.9960784
 0.9963119
 0.9963119
 0.9964286
 0.9964286
 0.9964286
 0.9964286
 0.9964286
 0.9964286
 0.9964286
 0.9964286
 0.9964286
 0.9964286
 0.9964286
 0.9964286
 0.9964286
 0.9964286
 0.9964286
 0.9964286
 0.9964286
 0.9964286
 0.9964286
 0.9964286
 0.9964286
 0.9964286
 0.9964286
 0.9964286
 0.9964286
 0.9964286
 0.9964286
 0.9964286
 0.9964286
 0.9964286
 0.9965453
 0.9965453
 0.9965453
 0.9965453
 0.9965453
 0.9965453
 0.9965453
 0.9965453
 0.9965453
 0.9965453
 0.9965453
 0.9965453
 0.9965453
 0.9965453
 0.9965453
 0.9965453
 0.9967009
 0.9967009
 0.9967009
 0.9967009
 0.9967009
 0.9967009
 0.9967009
 0.9967009
 0.9967009
 0.9967009
 0.9967009
 0.9967009
 0.9967009
 0.9967009
 0.9967009
 0.9967009
 0.9967009
 0.9967009
 0.9967009
 0.9967009
 0.9967009
 0.9967009
 0.9967009
 0.9967009
 0.9967009
 0.9967009
 0.9967009
 0.9967009
 0.9968176
 0.9968176
 0.9968176
 0.9968176
 0.9969343
 0.9969343
 0.9969343
 0.9969343
 0.9969343
 0.9969343
 0.9969343
 0.9969343
 0.9969343
 0.9969343
 0.9969343
 0.9969343
 0.9969343
 0.9969343
 0.9969343
 0.9969343
 0.9970277
 0.9970277
 0.9970277
 0.9970277
 0.9970277
 0.9970277
 0.9970277
 0.9970277
 0.9970277
 0.9970277
 0.9970277
 0.9970277
 0.9970277
 0.9970277
 0.9970277
 0.9970277
 0.9970277
 0.9970277
 0.9970277
 0.9970277
 0.9970277
 0.9970277
 0.9970277
 0.9970277
 0.9970277
 0.9970277
 0.9970277
 0.9970277
 0.9970277
 0.9970277
 0.9970277
 0.9970277
 0.9971444
 0.9971444
 0.9971444
 0.9971444
 0.9971444
 0.9971444
 0.9971444
 0.9971444
 0.9971444
 0.9971444
 0.9971444
 0.9971444
 0.9971444
 0.9971444
 0.9971444
 0.9971444
 0.9971444
 0.9971444
 0.9971444
 0.9971444
 0.9971444
 0.9971444
 0.9971444
 0.9971444
 0.9971444
 0.9971444
 0.9971444
 0.9971444
 0.9971444
 0.9971444
 0.9971444
 0.9971444
 0.9971444
 0.9971444
 0.9971444
 0.9971444
 0.9971444
 0.9971444
 0.9971444
 0.9971444
 0.9971444
 0.9971444
 0.9974556
 0.9974556
 0.9974556
 0.9974556
 0.9974556
 0.9974556
 0.9974556
 0.9974556
 0.9974556
 0.9974556
 0.9974556
 0.9974556
 0.9974556
 0.9974556
 0.9974556
 0.9974556
 0.9974556
 0.9974556
 0.9974556
 0.9974556
 0.9974556
 0.9974556
 0.9974556
 0.9974556
 0.9974556
 0.9974556
 0.9974556
 0.9974556
 0.9974556
 0.9974556
 0.9974556
 0.9974556
 0.9974556
 0.9974556
 0.9974556
 0.9974556
 0.9974556
 0.9974556
 0.9974556
 0.9974556
 0.9974556
 0.9974556
 0.9974556
 0.9974556
 0.9974556
 0.9974556
 0.9974556
 0.9974556
 0.9974556
 0.9974556
 0.9974556
 0.9974556
 0.9974556
 0.9974556
 0.9974556
 0.9974556
 0.9974556
 0.9974556
 0.9974556
 0.9974556
 0.9974556
 0.9974556
 0.9974556
 0.9974556
 0.9974556
 0.9974556
 0.9974556
 0.9974556
 0.9974556
 0.9974556
 0.9974556
 0.9974556
 0.9974556
 0.9974556
 0.9974556
 0.9974556
 0.9974556
 0.9974556
 0.9974556
 0.9974556
 0.9974556
 0.9974556
 0.9974556
 0.9974556
 0.9974556
 0.9974556
 0.9974556
 0.9974556
 0.9974556
 0.9974556
 0.9974556
 0.9974556
 0.9974556
 0.9974556
 0.9974556
 0.9974556
 0.9974556
 0.9974556
 0.9974556
 0.9974556
 0.9974556
 0.9974556
 0.9974556
 0.9974556
 0.9974556
 0.9974556
 0.9974556
 0.9974556
 0.9974556
 0.9974556
 0.9976113
 0.9976113
 0.9976113
 0.9976113
 0.9976113
 0.9976113
 0.9976113
 0.9976113
 0.9976113
 0.9976113
 0.9976113
 0.9976113
 0.9976113
 0.9976113
 0.9976113
 0.9976113
 0.9976113
 0.9976113
 0.9976113
 0.9976113
 0.9976113
 0.9976113
 0.9976113
 0.9976113
 0.9976113
 0.9976113
 0.9976113
 0.9976113
 0.9976113
 0.9976113
 0.9976113
 0.9976113
 0.9976113
 0.9976113
 0.9976113
 0.9976113
 0.9976113
 0.9976113
 0.9976113
 0.9976113
 0.9976113
 0.9976113
 0.9976113
 0.9976113
 0.9976113
 0.9976113
 0.9976113
 0.9976113
 0.9977280
 0.9977280
 0.9977280
 0.9977280
 0.9978447
 0.9978447
 0.9978447
 0.9978447
 0.9978447
 0.9978447
 0.9978447
 0.9978447
 0.9978447
 0.9978447
 0.9978447
 0.9978447
 0.9978447
 0.9978447
 0.9978447
 0.9978447
 0.9978447
 0.9978447
 0.9978447
 0.9978447
 0.9978447
 0.9978447
 0.9978447
 0.9978447
 0.9978447
 0.9978447
 0.9978447
 0.9978447
 0.9978447
 0.9978447
 0.9978447
 0.9978447
 0.9978447
 0.9978447
 0.9978447
 0.9978447
 0.9978447
 0.9978447
 0.9978447
 0.9978447
 0.9978447
 0.9978447
 0.9978447
 0.9980003
 0.9981170
 0.9981170
 0.9981170
 0.9981170
 0.9981170
 0.9981170
 0.9981170
 0.9981170
 0.9981170
 0.9981170
 0.9981170
 0.9981170
 0.9981170
 0.9981170
 0.9981170
 0.9981170
 0.9981170
 0.9981170
 0.9981170
 0.9981170
 0.9981170
 0.9981170
 0.9981170
 0.9981170
 0.9981170
 0.9981170
 0.9981170
 0.9981170
 0.9981170
 0.9981170
 0.9981170
 0.9981170
 0.9981170
 0.9981170
 0.9981170
 0.9981170
 0.9981170
 0.9981170
 0.9981170
 0.9981170
 0.9981170
 0.9981170
 0.9982337
 0.9982337
 0.9982337
 0.9982337
 0.9982337
 0.9982337
 0.9983505
 0.9983505
 0.9983505
 0.9983505
 0.9983505
 0.9983505
 0.9983505
 0.9983505
 0.9983505
 0.9983505
 0.9983505
 0.9983505
 0.9983505
 0.9983505
 0.9984438
 0.9984438
 0.9984438
 0.9984438
 0.9984438
 0.9984438
 0.9984438
 0.9984438
 0.9984438
 0.9984438
 0.9984438
 0.9984438
 0.9984438
 0.9984438
 0.9984438
 0.9984438
 0.9984438
 0.9984438
 0.9984438
 0.9984438
 0.9984438
 0.9984438
 0.9984438
 0.9984438
 0.9984438
 0.9984438
 0.9984438
 0.9984438
 0.9984438
 0.9984438
 0.9984438
 0.9984438
 0.9984438
 0.9984438
 0.9984438
 0.9984438
 0.9984438
 0.9984438
 0.9984438
 0.9984438
 0.9985605
 0.9985605
 0.9985605
 0.9985605
 0.9985605
 0.9985605
 0.9985605
 0.9985605
 0.9985605
 0.9985605
 0.9985605
 0.9985605
 0.9985605
 0.9985605
 0.9985605
 0.9985605
 0.9985605
 0.9985605
 0.9985605
 0.9985605
 0.9985605
 0.9985605
 0.9985605
 0.9985605
 0.9985605
 0.9985605
 0.9985605
 0.9985605
 0.9985605
 0.9985605
 0.9985605
 0.9985605
 0.9985605
 0.9985605
 0.9985605
 0.9985605
 0.9985605
 0.9985605
 0.9985605
 0.9985605
 0.9985605
 0.9985605
 0.9987162
 0.9987162
 0.9987162
 0.9987162
 0.9987162
 0.9987162
 0.9987162
 0.9987162
 0.9987162
 0.9987162
 0.9987162
 0.9987162
 0.9988329
 0.9988329
 0.9988329
 0.9988329
 0.9988329
 0.9988329
 0.9988329
 0.9988329
 0.9988329
 0.9988329
 0.9988329
 0.9988329
 0.9988329
 0.9988329
 0.9988329
 0.9988329
 0.9988329
 0.9988329
 0.9988329
 0.9988329
 0.9988329
 0.9988329
 0.9988329
 0.9988329
 0.9988329
 0.9988329
 0.9988329
 0.9988329
 0.9988329
 0.9988329
 0.9988329
 0.9988329
 0.9988329
 0.9988329
 0.9989496
 0.9989496
 0.9989496
 0.9989496
 0.9989496
 0.9989496
 0.9989496
 0.9989496
 0.9989496
 0.9989496
 0.9989496
 0.9989496
 0.9991830
 0.9991830
 0.9994164
 0.9994164
 0.9994164
 0.9994164
 0.9994164
 0.9994164
 0.9994164
 0.9994164
 0.9995721
 0.9995721
 0.9995721
 0.9995721
 0.9995721
 0.9995721
 0.9995721
 0.9995721
 0.9995721
 0.9995721
 0.9995721
 0.9995721
 0.9995721
 0.9995721
 0.9995721
 0.9995721
 0.9995721
 0.9995721
 0.9995721
 0.9995721
 0.9995721
 0.9995721
 0.9995721
 0.9995721
 0.9995721
 0.9995721
 0.9995721
 0.9995721
 0.9995721
 0.9995721
 0.9995721
 0.9995721
 0.9995721
 0.9995721
 0.9995721
 0.9995721
 0.9995721
 0.9995721
 0.9997277
 0.9997277
 0.9997277
 0.9997277
 0.9997277
 0.9997277
 0.9997277
 0.9997277
 0.9997277
 0.9997277
 0.9997277
 0.9997277
 1.0000000
 1.0000000
 1.0000000
 1.0000000
 1.0000000
 1.0000000
 1.0000000
 1.0000000
 1.0000000
 1.0000000
 1.0000000
 1.0000000
 1.0000000
 1.0000000
 1.0000000
 1.0000000
 1.0000000
 1.0000000
 1.0000000
 1.0000000
 1.0000000
 1.0000000
 1.0000000
 1.0000000
 1.0000000
 1.0000000
 1.0000000
 1.0000000
 1.0000000
 1.0000000
 1.0000000
