 0.0000000
 0.0000000
 0.0000000
 0.0000000
 0.0000000
 0.0000000
 0.0000000
 0.0000000
 0.0000000
 0.0000000
 0.0000000
 0.0000000
 0.0000000
 0.0000000
 0.0000000
 0.0000000
 0.0000000
 0.0000000
 0.0000000
 0.0000000
 0.0000000
 0.0000000
 0.0000000
 0.0000000
 0.0000000
 0.0000000
 0.0000157
 0.0000157
 0.0000314
 0.0000314
 0.0000470
 0.0000470
 0.0000627
 0.0000627
 0.0000784
 0.0000784
 0.0000941
 0.0000941
 0.0001098
 0.0001098
 0.0001254
 0.0001254
 0.0001725
 0.0001725
 0.0001882
 0.0001882
 0.0002195
 0.0002195
 0.0002352
 0.0002352
 0.0002979
 0.0002979
 0.0003293
 0.0003293
 0.0004391
 0.0004391
 0.0007056
 0.0007056
 0.0009722
 0.0009722
 0.0143005
 0.0143319
 0.0208863
 0.0209176
 0.0249945
 0.0250259
 0.0309374
 0.0309687
 0.0312353
 0.0312667
 0.0373820
 0.0374134
 0.0385737
 0.0386051
 0.0472293
 0.0472606
 0.0489228
 0.0489541
 0.0539718
 0.0540032
 0.0553674
 0.0553988
 0.0567316
 0.0567629
 0.0568570
 0.0568884
 0.0599304
 0.0599617
 0.0605733
 0.0606046
 0.0641484
 0.0641798
 0.0648383
 0.0648697
 0.0665318
 0.0665632
 0.0684762
 0.0685075
 0.0698874
 0.0699188
 0.0705774
 0.0706087
 0.0729764
 0.0730078
 0.0797817
 0.0798131
 0.0816163
 0.0816477
 0.0880923
 0.0881237
 0.0906169
 0.0906482
 0.0922633
 0.0922947
 0.0942390
 0.0942704
 0.0944272
 0.0944586
 0.0948035
 0.0948349
 0.0951955
 0.0952269
 0.0963245
 0.0963559
 0.0965440
 0.0965754
 0.1010914
 0.1011227
 0.1049330
 0.1049644
 0.1071753
 0.1072067
 0.1132593
 0.1132907
 0.1159720
 0.1160034
 0.1172421
 0.1172735
 0.1205821
 0.1206134
 0.1209584
 0.1209897
 0.1221031
 0.1221344
 0.1258977
 0.1259291
 0.1260545
 0.1260859
 0.1280616
 0.1280930
 0.1286574
 0.1286888
 0.1312290
 0.1312604
 0.1327030
 0.1327343
 0.1375639
 0.1375953
 0.1385988
 0.1386302
 0.1412958
 0.1413272
 0.1413899
 0.1414213
 0.1429423
 0.1429736
 0.1437263
 0.1437576
 0.1448239
 0.1448553
 0.1488224
 0.1488538
 0.1519428
 0.1519742
 0.1552357
 0.1552670
 0.1562863
 0.1563176
 0.1571016
 0.1571487
 0.1572114
 0.1572428
 0.1588422
 0.1588735
 0.1589990
 0.1590303
 0.1607395
 0.1607708
 0.1618371
 0.1618685
 0.1632013
 0.1632327
 0.1640951
 0.1641264
 0.1671528
 0.1671841
 0.1679368
 0.1679681
 0.1685640
 0.1685954
 0.1687051
 0.1687365
 0.1694735
 0.1695048
 0.1698655
 0.1698968
 0.1707122
 0.1707436
 0.1732838
 0.1733151
 0.1735974
 0.1736288
 0.1741462
 0.1741776
 0.1745225
 0.1745539
 0.1747264
 0.1747577
 0.1749616
 0.1749929
 0.1764512
 0.1764826
 0.1791326
 0.1791639
 0.1794148
 0.1794462
 0.1797598
 0.1797911
 0.1801361
 0.1801675
 0.1804497
 0.1804811
 0.1812651
 0.1812965
 0.1817198
 0.1817512
 0.1829743
 0.1830056
 0.1835858
 0.1836171
 0.1841032
 0.1841346
 0.1870041
 0.1870355
 0.1883997
 0.1884310
 0.1924138
 0.1924452
 0.1930254
 0.1930567
 0.1934801
 0.1935115
 0.1937153
 0.1937467
 0.1947345
 0.1947659
 0.1963496
 0.1963810
 0.1966946
 0.1967259
 0.1977765
 0.1978079
 0.2006304
 0.2006617
 0.2029510
 0.2029824
 0.2052874
 0.2053188
 0.2056951
 0.2057265
 0.2058362
 0.2058676
 0.2065575
 0.2065889
 0.2077179
 0.2077492
 0.2083608
 0.2083921
 0.2088782
 0.2089096
 0.2093486
 0.2093800
 0.2103992
 0.2104306
 0.2120143
 0.2120457
 0.2158090
 0.2158403
 0.2160128
 0.2160442
 0.2166557
 0.2166871
 0.2181453
 0.2181767
 0.2188509
 0.2188823
 0.2189607
 0.2189921
 0.2195095
 0.2195409
 0.2199642
 0.2199956
 0.2212657
 0.2212971
 0.2234139
 0.2234453
 0.2247154
 0.2247468
 0.2252485
 0.2252799
 0.2254367
 0.2254681
 0.2263305
 0.2263618
 0.2268166
 0.2268479
 0.2270675
 0.2270988
 0.2281964
 0.2282278
 0.2288864
 0.2289177
 0.2302663
 0.2302976
 0.2303447
 0.2303760
 0.2310973
 0.2311287
 0.2323988
 0.2324301
 0.2332612
 0.2332926
 0.2340923
 0.2341236
 0.2343118
 0.2343431
 0.2358171
 0.2358485
 0.2362875
 0.2363189
 0.2367893
 0.2368206
 0.2371343
 0.2371656
 0.2372597
 0.2372911
 0.2422461
 0.2422774
 0.2440493
 0.2440807
 0.2446765
 0.2447079
 0.2451783
 0.2452096
 0.2464798
 0.2465111
 0.2480948
 0.2481262
 0.2488632
 0.2489102
 0.2501803
 0.2502117
 0.2515916
 0.2516229
 0.2520776
 0.2521090
 0.2532066
 0.2532380
 0.2535516
 0.2535830
 0.2548374
 0.2548688
 0.2566720
 0.2567034
 0.2593377
 0.2593690
 0.2597454
 0.2597767
 0.2599178
 0.2599492
 0.2606391
 0.2606705
 0.2626462
 0.2626776
 0.2644651
 0.2644965
 0.2652492
 0.2652805
 0.2653746
 0.2654060
 0.2654216
 0.2654530
 0.2676639
 0.2676953
 0.2678207
 0.2678521
 0.2682128
 0.2682441
 0.2706118
 0.2706432
 0.2713959
 0.2714272
 0.2736068
 0.2736382
 0.2737950
 0.2738577
 0.2746731
 0.2747044
 0.2750024
 0.2750337
 0.2767742
 0.2768056
 0.2784834
 0.2785148
 0.2793458
 0.2793772
 0.2804278
 0.2804591
 0.2807100
 0.2807414
 0.2811491
 0.2811804
 0.2814627
 0.2814940
 0.2831718
 0.2832032
 0.2845203
 0.2845517
 0.2850692
 0.2851005
 0.2856336
 0.2856650
 0.2857120
 0.2857434
 0.2867470
 0.2867783
 0.2869978
 0.2870292
 0.2871860
 0.2872174
 0.2872801
 0.2873114
 0.2884404
 0.2884718
 0.2889422
 0.2889736
 0.2896008
 0.2896321
 0.2905416
 0.2905730
 0.2909179
 0.2909493
 0.2911688
 0.2912002
 0.2917960
 0.2918274
 0.2921253
 0.2921567
 0.2939286
 0.2939599
 0.2951046
 0.2951359
 0.2997773
 0.2998087
 0.3026625
 0.3026939
 0.3027409
 0.3027723
 0.3037758
 0.3038072
 0.3048578
 0.3048891
 0.3054223
 0.3054850
 0.3058927
 0.3059240
 0.3060965
 0.3061279
 0.3067237
 0.3067551
 0.3070530
 0.3070844
 0.3075862
 0.3076175
 0.3081036
 0.3081350
 0.3089660
 0.3089974
 0.3096089
 0.3096403
 0.3113024
 0.3113338
 0.3118042
 0.3118355
 0.3128077
 0.3128391
 0.3136858
 0.3137172
 0.3139994
 0.3140308
 0.3153166
 0.3153479
 0.3177000
 0.3177314
 0.3184840
 0.3185154
 0.3190015
 0.3190328
 0.3190642
 0.3190956
 0.3195503
 0.3195816
 0.3206479
 0.3206793
 0.3213222
 0.3213535
 0.3224825
 0.3225139
 0.3241133
 0.3241446
 0.3269828
 0.3270141
 0.3296955
 0.3297268
 0.3300405
 0.3300718
 0.3307774
 0.3308088
 0.3309186
 0.3309499
 0.3313262
 0.3313576
 0.3330668
 0.3330981
 0.3348230
 0.3348543
 0.3360460
 0.3360774
 0.3370653
 0.3370966
 0.3376611
 0.3376925
 0.3395741
 0.3396055
 0.3409226
 0.3409540
 0.3439803
 0.3440117
 0.3449211
 0.3449525
 0.3458933
 0.3459247
 0.3463637
 0.3463951
 0.3492332
 0.3492646
 0.3502525
 0.3502838
 0.3506445
 0.3506758
 0.3514755
 0.3515069
 0.3517891
 0.3518205
 0.3524007
 0.3524320
 0.3533885
 0.3534199
 0.3546743
 0.3547057
 0.3557249
 0.3557563
 0.3566500
 0.3566814
 0.3575125
 0.3575438
 0.3595980
 0.3596293
 0.3601781
 0.3602095
 0.3608837
 0.3609151
 0.3617462
 0.3617775
 0.3629536
 0.3629849
 0.3632201
 0.3632515
 0.3635024
 0.3635337
 0.3637533
 0.3637846
 0.3638473
 0.3638787
 0.3644746
 0.3645059
 0.3648352
 0.3648666
 0.3651331
 0.3651645
 0.3651802
 0.3652115
 0.3653527
 0.3653840
 0.3675949
 0.3676263
 0.3677047
 0.3677361
 0.3681594
 0.3681908
 0.3701822
 0.3702136
 0.3702763
 0.3703233
 0.3719227
 0.3719541
 0.3728635
 0.3728949
 0.3739141
 0.3739455
 0.3745100
 0.3745413
 0.3745570
 0.3746198
 0.3747609
 0.3747922
 0.3755919
 0.3756233
 0.3759839
 0.3760153
 0.3767680
 0.3767993
 0.3796375
 0.3796688
 0.3804685
 0.3804999
 0.3807665
 0.3807978
 0.3815348
 0.3815662
 0.3829931
 0.3830244
 0.3834792
 0.3835105
 0.3839809
 0.3840123
 0.3878540
 0.3878853
 0.3903001
 0.3903315
 0.3905824
 0.3906137
 0.3932480
 0.3932794
 0.3942986
 0.3943300
 0.3952551
 0.3952865
 0.3953178
 0.3953492
 0.3956628
 0.3956942
 0.3965566
 0.3965880
 0.3977169
 0.3977483
 0.3980933
 0.3981246
 0.3989086
 0.3989400
 0.3999436
 0.3999749
 0.4018409
 0.4018722
 0.4025465
 0.4025779
 0.4028131
 0.4028444
 0.4047574
 0.4047888
 0.4049613
 0.4049926
 0.4056669
 0.4056982
 0.4063568
 0.4063882
 0.4072663
 0.4072976
 0.4076269
 0.4076583
 0.4098065
 0.4098379
 0.4098535
 0.4098849
 0.4103867
 0.4104180
 0.4110139
 0.4110453
 0.4115627
 0.4115941
 0.4116254
 0.4116568
 0.4118293
 0.4118606
 0.4132562
 0.4132875
 0.4137736
 0.4138050
 0.4142284
 0.4142597
 0.4149810
 0.4150124
 0.4152006
 0.4152319
 0.4179133
 0.4179446
 0.4183366
 0.4183680
 0.4189168
 0.4189482
 0.4194499
 0.4194813
 0.4200928
 0.4201242
 0.4203437
 0.4203751
 0.4213159
 0.4213473
 0.4216452
 0.4216765
 0.4221626
 0.4221940
 0.4230878
 0.4231191
 0.4241854
 0.4242168
 0.4244990
 0.4245304
 0.4248597
 0.4248910
 0.4251419
 0.4251733
 0.4259573
 0.4259886
 0.4266472
 0.4266786
 0.4293913
 0.4294226
 0.4295167
 0.4295481
 0.4300655
 0.4300969
 0.4317590
 0.4317904
 0.4334211
 0.4334525
 0.4343306
 0.4343620
 0.4349421
 0.4349735
 0.4367611
 0.4367924
 0.4368708
 0.4369022
 0.4379685
 0.4379998
 0.4381253
 0.4381566
 0.4407125
 0.4407439
 0.4415436
 0.4415749
 0.4427980
 0.4428294
 0.4434095
 0.4434409
 0.4437545
 0.4437859
 0.4451657
 0.4451971
 0.4454166
 0.4454480
 0.4456832
 0.4457146
 0.4465299
 0.4465613
 0.4466554
 0.4466867
 0.4478000
 0.4478314
 0.4480980
 0.4481293
 0.4486781
 0.4487095
 0.4490231
 0.4490545
 0.4498699
 0.4499012
 0.4503716
 0.4504030
 0.4514693
 0.4515006
 0.4516574
 0.4516888
 0.4520181
 0.4520494
 0.4530216
 0.4530530
 0.4533195
 0.4533509
 0.4538213
 0.4538527
 0.4542290
 0.4542917
 0.4554521
 0.4554834
 0.4560322
 0.4560636
 0.4560950
 0.4561263
 0.4564242
 0.4564556
 0.4572239
 0.4572553
 0.4573651
 0.4573964
 0.4583843
 0.4584157
 0.4635745
 0.4636059
 0.4655973
 0.4656286
 0.4662245
 0.4662558
 0.4683413
 0.4683727
 0.4692038
 0.4692351
 0.4701289
 0.4701603
 0.4717440
 0.4717753
 0.4723712
 0.4724025
 0.4729827
 0.4730141
 0.4748016
 0.4748330
 0.4760874
 0.4761188
 0.4772635
 0.4772948
 0.4779220
 0.4779534
 0.4789569
 0.4789883
 0.4790667
 0.4790981
 0.4815285
 0.4815599
 0.4820773
 0.4821087
 0.4828457
 0.4828770
 0.4848057
 0.4848371
 0.4850566
 0.4850880
 0.4870951
 0.4871264
 0.4873930
 0.4874243
 0.4879261
 0.4879575
 0.4879888
 0.4880202
 0.4885690
 0.4886004
 0.4887885
 0.4888199
 0.4890551
 0.4890865
 0.4892589
 0.4892903
 0.4894785
 0.4895098
 0.4897450
 0.4897764
 0.4900430
 0.4900743
 0.4903095
 0.4903409
 0.4904663
 0.4904977
 0.4924421
 0.4924734
 0.4929909
 0.4930222
 0.4946373
 0.4947000
 0.4948098
 0.4948412
 0.4956095
 0.4956409
 0.4965974
 0.4966287
 0.4973657
 0.4973971
 0.4976793
 0.4977107
 0.4981184
 0.4981497
 0.4986358
 0.4986672
 0.4988867
 0.4989181
 0.5000627
 0.5000941
 0.5006899
 0.5007213
 0.5032615
 0.5032929
 0.5035908
 0.5036222
 0.5037476
 0.5037790
 0.5047512
 0.5047825
 0.5059585
 0.5059899
 0.5062251
 0.5062565
 0.5066328
 0.5066642
 0.5072914
 0.5073227
 0.5096905
 0.5097532
 0.5104118
 0.5104431
 0.5113839
 0.5114153
 0.5118230
 0.5118544
 0.5125600
 0.5125913
 0.5133283
 0.5133597
 0.5137203
 0.5137517
 0.5139085
 0.5139399
 0.5143162
 0.5143475
 0.5147709
 0.5148336
 0.5148493
 0.5148807
 0.5156961
 0.5157274
 0.5158999
 0.5159313
 0.5184401
 0.5184715
 0.5193182
 0.5193496
 0.5202120
 0.5202434
 0.5211999
 0.5212312
 0.5213410
 0.5213723
 0.5214351
 0.5214664
 0.5222191
 0.5222504
 0.5230188
 0.5230501
 0.5234108
 0.5234422
 0.5235206
 0.5235519
 0.5242732
 0.5243046
 0.5245084
 0.5245398
 0.5248377
 0.5248691
 0.5259040
 0.5259353
 0.5264841
 0.5265155
 0.5265939
 0.5266253
 0.5286480
 0.5286794
 0.5303729
 0.5304042
 0.5304356
 0.5304670
 0.5314078
 0.5314391
 0.5328504
 0.5328817
 0.5332581
 0.5332894
 0.5351084
 0.5351397
 0.5351868
 0.5352181
 0.5354533
 0.5354847
 0.5380876
 0.5381190
 0.5405651
 0.5405965
 0.5416471
 0.5416941
 0.5429642
 0.5429956
 0.5442500
 0.5442814
 0.5448145
 0.5448459
 0.5449086
 0.5449399
 0.5456769
 0.5457083
 0.5458024
 0.5458337
 0.5470254
 0.5470568
 0.5471038
 0.5471822
 0.5472136
 0.5482485
 0.5482799
 0.5484680
 0.5484994
 0.5490168
 0.5490482
 0.5507730
 0.5508044
 0.5510239
 0.5510553
 0.5538621
 0.5538934
 0.5545834
 0.5546147
 0.5550224
 0.5550538
 0.5554458
 0.5554772
 0.5554928
 0.5555242
 0.5556026
 0.5556340
 0.5565277
 0.5565591
 0.5571393
 0.5571706
 0.5572177
 0.5572490
 0.5586132
 0.5586446
 0.5589425
 0.5589739
 0.5593345
 0.5593659
 0.5600245
 0.5600558
 0.5609496
 0.5610123
 0.5611534
 0.5611848
 0.5617963
 0.5618277
 0.5622511
 0.5622824
 0.5624236
 0.5624549
 0.5630821
 0.5631135
 0.5632076
 0.5632703
 0.5636153
 0.5636466
 0.5659516
 0.5659830
 0.5666729
 0.5667043
 0.5669552
 0.5669865
 0.5673472
 0.5673786
 0.5673942
 0.5674256
 0.5682253
 0.5682567
 0.5697777
 0.5698090
 0.5704205
 0.5704519
 0.5705930
 0.5706244
 0.5714398
 0.5714711
 0.5716123
 0.5716436
 0.5723492
 0.5723806
 0.5726628
 0.5727256
 0.5729608
 0.5729921
 0.5740114
 0.5740427
 0.5754853
 0.5755167
 0.5765673
 0.5765986
 0.5775708
 0.5776022
 0.5779001
 0.5779314
 0.5779785
 0.5780098
 0.5780569
 0.5780882
 0.5798131
 0.5798445
 0.5811773
 0.5812086
 0.5821338
 0.5821651
 0.5822592
 0.5822906
 0.5824944
 0.5825258
 0.5827296
 0.5827610
 0.5853169
 0.5853483
 0.5855207
 0.5855521
 0.5868065
 0.5868379
 0.5872926
 0.5873240
 0.5874651
 0.5874965
 0.5878101
 0.5878571
 0.5897544
 0.5897858
 0.5911500
 0.5911814
 0.5921849
 0.5922163
 0.5929062
 0.5929376
 0.5931100
 0.5931414
 0.5942547
 0.5942861
 0.5952739
 0.5953053
 0.5953523
 0.5953837
 0.5954621
 0.5954935
 0.5957130
 0.5957443
 0.5958384
 0.5958698
 0.5959639
 0.5959952
 0.5964186
 0.5964500
 0.5966538
 0.5966852
 0.5997115
 0.5997428
 0.6016872
 0.6017186
 0.6028946
 0.6029260
 0.6044313
 0.6044626
 0.6069558
 0.6069872
 0.6084611
 0.6084925
 0.6086336
 0.6086650
 0.6101860
 0.6102173
 0.6102644
 0.6102957
 0.6112679
 0.6112993
 0.6123028
 0.6123342
 0.6128203
 0.6128516
 0.6137611
 0.6137925
 0.6173989
 0.6174303
 0.6201587
 0.6201900
 0.6210211
 0.6210525
 0.6221815
 0.6222128
 0.6234359
 0.6234672
 0.6237809
 0.6238122
 0.6242983
 0.6243297
 0.6245806
 0.6246119
 0.6248314
 0.6248628
 0.6261799
 0.6262113
 0.6264152
 0.6264465
 0.6271365
 0.6271678
 0.6306332
 0.6306645
 0.6316838
 0.6317151
 0.6317935
 0.6318249
 0.6324364
 0.6324678
 0.6331107
 0.6331420
 0.6335497
 0.6335811
 0.6340045
 0.6340358
 0.6344121
 0.6344435
 0.6355098
 0.6355411
 0.6362624
 0.6362938
 0.6378775
 0.6379089
 0.6392731
 0.6393044
 0.6397278
 0.6397591
 0.6409979
 0.6410293
 0.6414213
 0.6414526
 0.6421112
 0.6421426
 0.6442751
 0.6443065
 0.6444005
 0.6444319
 0.6453884
 0.6454198
 0.6456079
 0.6456393
 0.6456550
 0.6456863
 0.6459999
 0.6460313
 0.6462508
 0.6462822
 0.6468780
 0.6469094
 0.6493399
 0.6493712
 0.6493869
 0.6494183
 0.6500925
 0.6501239
 0.6506727
 0.6507040
 0.6507511
 0.6507825
 0.6512685
 0.6512999
 0.6517233
 0.6517546
 0.6539342
 0.6539656
 0.6539812
 0.6540126
 0.6540753
 0.6541067
 0.6547339
 0.6547653
 0.6554238
 0.6554552
 0.6555336
 0.6555650
 0.6557688
 0.6558002
 0.6570076
 0.6570389
 0.6577132
 0.6577445
 0.6595007
 0.6595321
 0.6598927
 0.6599241
 0.6601593
 0.6601907
 0.6606140
 0.6606454
 0.6618998
 0.6619312
 0.6639853
 0.6640167
 0.6654122
 0.6654436
 0.6661335
 0.6661649
 0.6667451
 0.6667764
 0.6671057
 0.6671371
 0.6673409
 0.6673723
 0.6679211
 0.6679525
 0.6681249
 0.6681563
 0.6690971
 0.6691285
 0.6692539
 0.6693166
 0.6700223
 0.6700536
 0.6704456
 0.6704770
 0.6708376
 0.6708690
 0.6727977
 0.6728291
 0.6731583
 0.6731897
 0.6732524
 0.6732838
 0.6732995
 0.6733308
 0.6738012
 0.6738326
 0.6744441
 0.6744755
 0.6773764
 0.6774077
 0.6799166
 0.6799479
 0.6804968
 0.6805281
 0.6819080
 0.6819393
 0.6819550
 0.6819864
 0.6838210
 0.6838524
 0.6840719
 0.6841032
 0.6849813
 0.6850127
 0.6853733
 0.6854047
 0.6859692
 0.6860006
 0.6860476
 0.6860790
 0.6866435
 0.6866748
 0.6867219
 0.6867532
 0.6869100
 0.6869414
 0.6890426
 0.6890739
 0.6902499
 0.6902813
 0.6912692
 0.6913005
 0.6913162
 0.6913476
 0.6913789
 0.6914103
 0.6925550
 0.6925863
 0.6928215
 0.6928529
 0.6933076
 0.6933703
 0.6938094
 0.6938408
 0.6939192
 0.6939505
 0.6946718
 0.6947032
 0.6950011
 0.6950325
 0.6962398
 0.6962712
 0.6971807
 0.6972120
 0.7019161
 0.7019475
 0.7022768
 0.7023082
 0.7053815
 0.7054129
 0.7073259
 0.7073572
 0.7073729
 0.7074043
 0.7082824
 0.7083137
 0.7099445
 0.7099759
 0.7104933
 0.7105247
 0.7121241
 0.7121554
 0.7124690
 0.7125004
 0.7133315
 0.7133628
 0.7137705
 0.7138019
 0.7146643
 0.7146956
 0.7150877
 0.7151190
 0.7177847
 0.7178160
 0.7188509
 0.7188823
 0.7199172
 0.7199486
 0.7201681
 0.7201995
 0.7215009
 0.7215323
 0.7217361
 0.7217675
 0.7218773
 0.7219086
 0.7219870
 0.7220184
 0.7221438
 0.7221752
 0.7227710
 0.7228024
 0.7231474
 0.7231787
 0.7236335
 0.7236648
 0.7255151
 0.7255465
 0.7266754
 0.7267068
 0.7274438
 0.7274751
 0.7280867
 0.7281180
 0.7303917
 0.7304231
 0.7305171
 0.7305485
 0.7340295
 0.7340609
 0.7343588
 0.7343902
 0.7360366
 0.7360994
 0.7362875
 0.7363189
 0.7365854
 0.7366168
 0.7367266
 0.7367579
 0.7374635
 0.7374949
 0.7403017
 0.7403331
 0.7413993
 0.7414307
 0.7427165
 0.7427478
 0.7430144
 0.7430458
 0.7456487
 0.7456801
 0.7462132
 0.7462446
 0.7465268
 0.7465582
 0.7482360
 0.7482673
 0.7489416
 0.7489729
 0.7492552
 0.7492865
 0.7493963
 0.7494277
 0.7497413
 0.7497726
 0.7498197
 0.7498510
 0.7510271
 0.7510584
 0.7512466
 0.7512780
 0.7530655
 0.7530969
 0.7537398
 0.7537711
 0.7570013
 0.7570326
 0.7573463
 0.7573776
 0.7578480
 0.7578794
 0.7582087
 0.7582400
 0.7585223
 0.7585536
 0.7587261
 0.7587575
 0.7599806
 0.7600119
 0.7649042
 0.7649356
 0.7655000
 0.7655314
 0.7659705
 0.7660018
 0.7703139
 0.7703766
 0.7723210
 0.7723524
 0.7725562
 0.7725876
 0.7729012
 0.7729325
 0.7730109
 0.7730423
 0.7740458
 0.7740772
 0.7751435
 0.7751748
 0.7755825
 0.7756139
 0.7756452
 0.7756766
 0.7767115
 0.7767429
 0.7772760
 0.7773074
 0.7773544
 0.7773858
 0.7774642
 0.7774955
 0.7784364
 0.7784677
 0.7820115
 0.7820428
 0.7830307
 0.7830621
 0.7836579
 0.7836893
 0.7861041
 0.7861354
 0.7869978
 0.7870292
 0.7870919
 0.7871233
 0.7878916
 0.7879230
 0.7890990
 0.7891304
 0.7892401
 0.7892715
 0.7896635
 0.7896949
 0.7898987
 0.7899301
 0.7899457
 0.7899771
 0.7900398
 0.7900712
 0.7914040
 0.7914354
 0.7917803
 0.7918117
 0.7935679
 0.7935993
 0.7965942
 0.7966256
 0.7976605
 0.7976918
 0.7995108
 0.7995421
 0.8003418
 0.8003732
 0.8006241
 0.8006554
 0.8016276
 0.8016590
 0.8018942
 0.8019255
 0.8031800
 0.8032113
 0.8037915
 0.8038229
 0.8040424
 0.8040738
 0.8056261
 0.8056575
 0.8067237
 0.8067551
 0.8077586
 0.8077900
 0.8083231
 0.8083545
 0.8101891
 0.8102205
 0.8119610
 0.8119923
 0.8142817
 0.8143130
 0.8161320
 0.8161633
 0.8175746
 0.8176059
 0.8179822
 0.8180136
 0.8208674
 0.8208988
 0.8209615
 0.8210086
 0.8241603
 0.8242074
 0.8258695
 0.8259008
 0.8261831
 0.8262301
 0.8279236
 0.8279550
 0.8280334
 0.8280961
 0.8292878
 0.8293192
 0.8293819
 0.8294132
 0.8314830
 0.8315144
 0.8319221
 0.8319535
 0.8328472
 0.8328786
 0.8340076
 0.8340390
 0.8358579
 0.8358892
 0.8372221
 0.8372534
 0.8385392
 0.8385706
 0.8395898
 0.8396212
 0.8413146
 0.8413460
 0.8434158
 0.8434472
 0.8436040
 0.8436353
 0.8459090
 0.8459404
 0.8468812
 0.8469125
 0.8471948
 0.8472261
 0.8476025
 0.8476338
 0.8476966
 0.8477279
 0.8481356
 0.8481670
 0.8498918
 0.8499232
 0.8503936
 0.8504249
 0.8517264
 0.8517578
 0.8564932
 0.8565246
 0.8568068
 0.8568382
 0.8570421
 0.8570734
 0.8571989
 0.8572302
 0.8579202
 0.8579515
 0.8580142
 0.8580456
 0.8589707
 0.8590021
 0.8602565
 0.8602879
 0.8605074
 0.8605388
 0.8617618
 0.8617932
 0.8638160
 0.8638473
 0.8641296
 0.8641609
 0.8670932
 0.8671245
 0.8679086
 0.8679399
 0.8681124
 0.8681438
 0.8683946
 0.8684574
 0.8695864
 0.8696177
 0.8715934
 0.8716248
 0.8757801
 0.8758115
 0.8843416
 0.8843729
 0.8855803
 0.8856117
 0.8879167
 0.8879481
 0.8892339
 0.8892652
 0.8943300
 0.8943613
 0.8964311
 0.8964625
 0.8967761
 0.8968075
 0.8969956
 0.8970270
 0.9020761
 0.9021074
 0.9075329
 0.9075642
 0.9113118
 0.9113432
 0.9192304
 0.9192618
 0.9196381
 0.9196695
 0.9214884
 0.9215197
 0.9217236
 0.9217549
 0.9273372
 0.9273685
 0.9287798
 0.9288111
 0.9309280
 0.9309593
 0.9313357
 0.9313670
 0.9316022
 0.9316336
 0.9352714
 0.9353185
 0.9372785
 0.9373099
 0.9383605
 0.9383918
 0.9410104
 0.9410418
 0.9465770
 0.9466083
 0.9474237
 0.9474551
 0.9483018
 0.9483332
 0.9496033
 0.9496346
 0.9519867
 0.9520181
 0.9530686
 0.9531000
 0.9556089
 0.9556402
 0.9558754
 0.9559068
 0.9655345
 0.9655659
 0.9735786
 0.9736099
 0.9766676
 0.9766990
 0.9791921
 0.9792235
 0.9818108
 0.9818421
 1.0000000
