 0.0000000
 0.0000000
 0.0000000
 0.0000000
 0.0000000
 0.0000000
 0.0000000
 0.0000000
 0.0000000
 0.0000000
 0.0000000
 0.0000000
 0.0000000
 0.0000000
 0.0000000
 0.0000000
 0.0000000
 0.0000000
 0.0000000
 0.0000000
 0.0000000
 0.0000000
 0.0000000
 0.0000000
 0.0000000
 0.0415500
 0.0420168
 0.0438842
 0.0452848
 0.5084034
 0.5140056
 0.5466853
 0.5494865
 0.6013072
 0.6031746
 0.6456583
 0.6521942
 0.6699346
 0.6718021
 0.6722689
 0.6769374
 0.6825397
 0.6909430
 0.7119514
 0.7128852
 0.7175537
 0.7226891
 0.7334267
 0.7507003
 0.7511671
 0.7539683
 0.7558357
 0.7647059
 0.7647059
 0.8081232
 0.8109244
 0.8361345
 0.8366013
 0.8646125
 0.8655462
 0.9607843
 0.9607843
 0.9691877
 0.9691877
 0.9729225
 0.9729225
 0.9780579
 0.9780579
 0.9780579
 0.9780579
 0.9817927
 0.9817927
 0.9822596
 0.9822596
 0.9855275
 0.9855275
 0.9869281
 0.9869281
 0.9873950
 0.9873950
 0.9873950
 0.9873950
 0.9878618
 0.9878618
 0.9878618
 0.9878618
 0.9887955
 0.9887955
 0.9887955
 0.9887955
 0.9887955
 0.9887955
 0.9887955
 0.9887955
 0.9892624
 0.9892624
 0.9892624
 0.9892624
 0.9897292
 0.9897292
 0.9897292
 0.9897292
 0.9897292
 0.9897292
 0.9897292
 0.9897292
 0.9906629
 0.9906629
 0.9925303
 0.9925303
 0.9925303
 0.9925303
 0.9929972
 0.9929972
 0.9929972
 0.9929972
 0.9929972
 0.9929972
 0.9929972
 0.9929972
 0.9929972
 0.9929972
 0.9929972
 0.9929972
 0.9929972
 0.9929972
 0.9939309
 0.9939309
 0.9939309
 0.9939309
 0.9939309
 0.9939309
 0.9943978
 0.9943978
 0.9943978
 0.9943978
 0.9943978
 0.9943978
 0.9943978
 0.9943978
 0.9943978
 0.9943978
 0.9948646
 0.9948646
 0.9948646
 0.9948646
 0.9948646
 0.9948646
 0.9948646
 0.9948646
 0.9948646
 0.9948646
 0.9953315
 0.9953315
 0.9953315
 0.9953315
 0.9957983
 0.9957983
 0.9957983
 0.9957983
 0.9957983
 0.9957983
 0.9957983
 0.9957983
 0.9957983
 0.9957983
 0.9957983
 0.9957983
 0.9957983
 0.9957983
 0.9957983
 0.9957983
 0.9962652
 0.9962652
 0.9962652
 0.9962652
 0.9962652
 0.9962652
 0.9962652
 0.9962652
 0.9962652
 0.9962652
 0.9962652
 0.9962652
 0.9962652
 0.9962652
 0.9962652
 0.9962652
 0.9962652
 0.9962652
 0.9962652
 0.9962652
 0.9962652
 0.9962652
 0.9962652
 0.9962652
 0.9962652
 0.9962652
 0.9962652
 0.9962652
 0.9962652
 0.9962652
 0.9962652
 0.9962652
 0.9962652
 0.9962652
 0.9962652
 0.9962652
 0.9962652
 0.9962652
 0.9962652
 0.9962652
 0.9962652
 0.9962652
 0.9962652
 0.9962652
 0.9962652
 0.9962652
 0.9962652
 0.9962652
 0.9962652
 0.9962652
 0.9962652
 0.9962652
 0.9962652
 0.9962652
 0.9962652
 0.9962652
 0.9962652
 0.9962652
 0.9962652
 0.9962652
 0.9962652
 0.9962652
 0.9962652
 0.9962652
 0.9962652
 0.9962652
 0.9962652
 0.9962652
 0.9962652
 0.9962652
 0.9962652
 0.9962652
 0.9962652
 0.9962652
 0.9962652
 0.9962652
 0.9962652
 0.9962652
 0.9962652
 0.9962652
 0.9962652
 0.9962652
 0.9962652
 0.9962652
 0.9967320
 0.9967320
 0.9967320
 0.9967320
 0.9967320
 0.9967320
 0.9967320
 0.9967320
 0.9967320
 0.9967320
 0.9967320
 0.9967320
 0.9967320
 0.9967320
 0.9967320
 0.9967320
 0.9967320
 0.9967320
 0.9971989
 0.9971989
 0.9971989
 0.9971989
 0.9971989
 0.9971989
 0.9971989
 0.9971989
 0.9971989
 0.9971989
 0.9971989
 0.9971989
 0.9976657
 0.9976657
 0.9976657
 0.9976657
 0.9976657
 0.9976657
 0.9976657
 0.9976657
 0.9976657
 0.9976657
 0.9976657
 0.9976657
 0.9976657
 0.9976657
 0.9976657
 0.9976657
 0.9976657
 0.9976657
 0.9976657
 0.9976657
 0.9976657
 0.9976657
 0.9976657
 0.9976657
 0.9976657
 0.9976657
 0.9976657
 0.9976657
 0.9976657
 0.9976657
 0.9976657
 0.9976657
 0.9976657
 0.9976657
 0.9976657
 0.9976657
 0.9976657
 0.9976657
 0.9976657
 0.9976657
 0.9976657
 0.9976657
 0.9976657
 0.9976657
 0.9976657
 0.9976657
 0.9976657
 0.9976657
 0.9976657
 0.9976657
 0.9976657
 0.9976657
 0.9976657
 0.9976657
 0.9976657
 0.9976657
 0.9976657
 0.9976657
 0.9976657
 0.9976657
 0.9976657
 0.9976657
 0.9976657
 0.9976657
 0.9976657
 0.9976657
 0.9976657
 0.9976657
 0.9976657
 0.9976657
 0.9976657
 0.9976657
 0.9976657
 0.9976657
 0.9976657
 0.9976657
 0.9976657
 0.9976657
 0.9976657
 0.9976657
 0.9976657
 0.9976657
 0.9976657
 0.9976657
 0.9976657
 0.9976657
 0.9976657
 0.9976657
 0.9976657
 0.9976657
 0.9976657
 0.9976657
 0.9976657
 0.9976657
 0.9976657
 0.9976657
 0.9976657
 0.9976657
 0.9976657
 0.9976657
 0.9976657
 0.9976657
 0.9976657
 0.9976657
 0.9976657
 0.9976657
 0.9976657
 0.9976657
 0.9976657
 0.9976657
 0.9976657
 0.9976657
 0.9976657
 0.9976657
 0.9976657
 0.9976657
 0.9976657
 0.9976657
 0.9976657
 0.9976657
 0.9976657
 0.9976657
 0.9976657
 0.9976657
 0.9976657
 0.9976657
 0.9976657
 0.9976657
 0.9976657
 0.9976657
 0.9976657
 0.9976657
 0.9976657
 0.9976657
 0.9981326
 0.9981326
 0.9981326
 0.9981326
 0.9981326
 0.9981326
 0.9981326
 0.9981326
 0.9981326
 0.9981326
 0.9981326
 0.9981326
 0.9981326
 0.9981326
 0.9981326
 0.9981326
 0.9981326
 0.9981326
 0.9981326
 0.9981326
 0.9981326
 0.9981326
 0.9981326
 0.9981326
 0.9981326
 0.9981326
 0.9981326
 0.9981326
 0.9981326
 0.9981326
 0.9981326
 0.9981326
 0.9981326
 0.9981326
 0.9981326
 0.9981326
 0.9981326
 0.9981326
 0.9981326
 0.9981326
 0.9981326
 0.9981326
 0.9985994
 0.9985994
 0.9985994
 0.9985994
 0.9985994
 0.9985994
 0.9985994
 0.9985994
 0.9985994
 0.9985994
 0.9985994
 0.9985994
 0.9985994
 0.9985994
 0.9985994
 0.9985994
 0.9985994
 0.9985994
 0.9985994
 0.9985994
 0.9985994
 0.9985994
 0.9985994
 0.9985994
 0.9985994
 0.9985994
 0.9985994
 0.9985994
 0.9985994
 0.9985994
 0.9985994
 0.9985994
 0.9985994
 0.9985994
 0.9985994
 0.9985994
 0.9985994
 0.9985994
 0.9985994
 0.9985994
 0.9985994
 0.9985994
 0.9985994
 0.9985994
 0.9985994
 0.9985994
 0.9985994
 0.9985994
 0.9985994
 0.9985994
 0.9985994
 0.9985994
 0.9985994
 0.9985994
 0.9985994
 0.9985994
 0.9990663
 0.9990663
 0.9990663
 0.9990663
 0.9990663
 0.9990663
 0.9990663
 0.9990663
 0.9990663
 0.9990663
 0.9990663
 0.9990663
 0.9990663
 0.9990663
 0.9995331
 0.9995331
 0.9995331
 0.9995331
 0.9995331
 0.9995331
 0.9995331
 0.9995331
 0.9995331
 0.9995331
 0.9995331
 0.9995331
 0.9995331
 0.9995331
 0.9995331
 0.9995331
 0.9995331
 0.9995331
 0.9995331
 0.9995331
 0.9995331
 0.9995331
 0.9995331
 0.9995331
 0.9995331
 0.9995331
 0.9995331
 0.9995331
 0.9995331
 0.9995331
 0.9995331
 0.9995331
 0.9995331
 0.9995331
 0.9995331
 0.9995331
 0.9995331
 0.9995331
 0.9995331
 0.9995331
 0.9995331
 0.9995331
 0.9995331
 0.9995331
 0.9995331
 0.9995331
 0.9995331
 0.9995331
 0.9995331
 0.9995331
 0.9995331
 0.9995331
 0.9995331
 0.9995331
 0.9995331
 0.9995331
 0.9995331
 0.9995331
 0.9995331
 0.9995331
 0.9995331
 0.9995331
 0.9995331
 0.9995331
 0.9995331
 0.9995331
 0.9995331
 0.9995331
 0.9995331
 0.9995331
 0.9995331
 0.9995331
 0.9995331
 0.9995331
 0.9995331
 0.9995331
 0.9995331
 0.9995331
 0.9995331
 0.9995331
 0.9995331
 0.9995331
 0.9995331
 0.9995331
 0.9995331
 0.9995331
 0.9995331
 0.9995331
 0.9995331
 0.9995331
 0.9995331
 0.9995331
 0.9995331
 0.9995331
 0.9995331
 0.9995331
 0.9995331
 0.9995331
 0.9995331
 0.9995331
 0.9995331
 0.9995331
 0.9995331
 0.9995331
 0.9995331
 0.9995331
 0.9995331
 0.9995331
 0.9995331
 0.9995331
 0.9995331
 0.9995331
 0.9995331
 0.9995331
 0.9995331
 0.9995331
 0.9995331
 0.9995331
 0.9995331
 0.9995331
 0.9995331
 0.9995331
 0.9995331
 0.9995331
 0.9995331
 0.9995331
 0.9995331
 0.9995331
 0.9995331
 0.9995331
 0.9995331
 0.9995331
 0.9995331
 0.9995331
 0.9995331
 0.9995331
 0.9995331
 0.9995331
 0.9995331
 0.9995331
 0.9995331
 0.9995331
 0.9995331
 0.9995331
 0.9995331
 0.9995331
 0.9995331
 0.9995331
 0.9995331
 0.9995331
 0.9995331
 0.9995331
 0.9995331
 0.9995331
 0.9995331
 0.9995331
 0.9995331
 0.9995331
 0.9995331
 0.9995331
 0.9995331
 0.9995331
 0.9995331
 0.9995331
 0.9995331
 0.9995331
 0.9995331
 0.9995331
 0.9995331
 0.9995331
 0.9995331
 0.9995331
 0.9995331
 0.9995331
 0.9995331
 0.9995331
 0.9995331
 0.9995331
 0.9995331
 0.9995331
 0.9995331
 0.9995331
 0.9995331
 0.9995331
 0.9995331
 0.9995331
 0.9995331
 0.9995331
 0.9995331
 0.9995331
 0.9995331
 0.9995331
 0.9995331
 0.9995331
 0.9995331
 0.9995331
 0.9995331
 0.9995331
 0.9995331
 0.9995331
 0.9995331
 0.9995331
 0.9995331
 0.9995331
 0.9995331
 0.9995331
 0.9995331
 0.9995331
 0.9995331
 0.9995331
 0.9995331
 0.9995331
 0.9995331
 0.9995331
 0.9995331
 0.9995331
 0.9995331
 0.9995331
 0.9995331
 0.9995331
 0.9995331
 0.9995331
 0.9995331
 0.9995331
 0.9995331
 0.9995331
 0.9995331
 0.9995331
 0.9995331
 0.9995331
 0.9995331
 0.9995331
 0.9995331
 0.9995331
 0.9995331
 0.9995331
 0.9995331
 0.9995331
 0.9995331
 0.9995331
 0.9995331
 0.9995331
 0.9995331
 0.9995331
 0.9995331
 0.9995331
 0.9995331
 0.9995331
 0.9995331
 0.9995331
 0.9995331
 0.9995331
 0.9995331
 0.9995331
 0.9995331
 0.9995331
 0.9995331
 0.9995331
 0.9995331
 0.9995331
 0.9995331
 0.9995331
 0.9995331
 0.9995331
 0.9995331
 0.9995331
 0.9995331
 0.9995331
 0.9995331
 0.9995331
 0.9995331
 0.9995331
 0.9995331
 0.9995331
 0.9995331
 0.9995331
 0.9995331
 0.9995331
 0.9995331
 0.9995331
 0.9995331
 0.9995331
 0.9995331
 0.9995331
 0.9995331
 0.9995331
 0.9995331
 0.9995331
 0.9995331
 0.9995331
 0.9995331
 0.9995331
 0.9995331
 0.9995331
 0.9995331
 0.9995331
 0.9995331
 0.9995331
 0.9995331
 0.9995331
 0.9995331
 0.9995331
 0.9995331
 0.9995331
 0.9995331
 0.9995331
 0.9995331
 0.9995331
 0.9995331
 0.9995331
 0.9995331
 0.9995331
 0.9995331
 0.9995331
 0.9995331
 0.9995331
 0.9995331
 0.9995331
 0.9995331
 0.9995331
 0.9995331
 0.9995331
 0.9995331
 0.9995331
 0.9995331
 0.9995331
 0.9995331
 0.9995331
 0.9995331
 0.9995331
 0.9995331
 0.9995331
 0.9995331
 0.9995331
 0.9995331
 0.9995331
 0.9995331
 0.9995331
 0.9995331
 0.9995331
 0.9995331
 0.9995331
 0.9995331
 0.9995331
 1.0000000
 1.0000000
 1.0000000
 1.0000000
 1.0000000
 1.0000000
 1.0000000
 1.0000000
 1.0000000
 1.0000000
 1.0000000
 1.0000000
 1.0000000
 1.0000000
 1.0000000
 1.0000000
 1.0000000
 1.0000000
 1.0000000
 1.0000000
 1.0000000
 1.0000000
 1.0000000
 1.0000000
 1.0000000
 1.0000000
 1.0000000
 1.0000000
 1.0000000
 1.0000000
 1.0000000
 1.0000000
 1.0000000
 1.0000000
 1.0000000
 1.0000000
 1.0000000
 1.0000000
 1.0000000
 1.0000000
 1.0000000
 1.0000000
 1.0000000
 1.0000000
 1.0000000
 1.0000000
 1.0000000
 1.0000000
 1.0000000
 1.0000000
 1.0000000
 1.0000000
 1.0000000
 1.0000000
 1.0000000
 1.0000000
 1.0000000
 1.0000000
 1.0000000
 1.0000000
 1.0000000
 1.0000000
 1.0000000
 1.0000000
 1.0000000
 1.0000000
 1.0000000
 1.0000000
 1.0000000
 1.0000000
 1.0000000
 1.0000000
 1.0000000
 1.0000000
 1.0000000
 1.0000000
 1.0000000
 1.0000000
 1.0000000
 1.0000000
 1.0000000
 1.0000000
 1.0000000
 1.0000000
 1.0000000
 1.0000000
 1.0000000
 1.0000000
 1.0000000
 1.0000000
 1.0000000
 1.0000000
 1.0000000
 1.0000000
 1.0000000
 1.0000000
 1.0000000
 1.0000000
 1.0000000
 1.0000000
 1.0000000
 1.0000000
 1.0000000
 1.0000000
 1.0000000
 1.0000000
 1.0000000
 1.0000000
 1.0000000
 1.0000000
 1.0000000
 1.0000000
 1.0000000
 1.0000000
 1.0000000
 1.0000000
 1.0000000
 1.0000000
 1.0000000
 1.0000000
 1.0000000
 1.0000000
 1.0000000
 1.0000000
 1.0000000
 1.0000000
 1.0000000
 1.0000000
 1.0000000
 1.0000000
 1.0000000
 1.0000000
 1.0000000
 1.0000000
 1.0000000
 1.0000000
 1.0000000
 1.0000000
 1.0000000
 1.0000000
 1.0000000
 1.0000000
 1.0000000
 1.0000000
 1.0000000
 1.0000000
 1.0000000
 1.0000000
 1.0000000
 1.0000000
 1.0000000
 1.0000000
 1.0000000
 1.0000000
 1.0000000
 1.0000000
 1.0000000
 1.0000000
 1.0000000
 1.0000000
 1.0000000
 1.0000000
 1.0000000
 1.0000000
 1.0000000
 1.0000000
 1.0000000
 1.0000000
 1.0000000
 1.0000000
 1.0000000
 1.0000000
 1.0000000
 1.0000000
 1.0000000
 1.0000000
 1.0000000
 1.0000000
 1.0000000
 1.0000000
 1.0000000
 1.0000000
 1.0000000
 1.0000000
 1.0000000
 1.0000000
 1.0000000
 1.0000000
 1.0000000
 1.0000000
 1.0000000
 1.0000000
 1.0000000
 1.0000000
 1.0000000
 1.0000000
 1.0000000
 1.0000000
 1.0000000
 1.0000000
 1.0000000
 1.0000000
 1.0000000
 1.0000000
 1.0000000
 1.0000000
 1.0000000
 1.0000000
 1.0000000
 1.0000000
 1.0000000
 1.0000000
 1.0000000
 1.0000000
 1.0000000
 1.0000000
 1.0000000
 1.0000000
 1.0000000
 1.0000000
 1.0000000
 1.0000000
 1.0000000
 1.0000000
 1.0000000
 1.0000000
 1.0000000
 1.0000000
 1.0000000
 1.0000000
 1.0000000
 1.0000000
 1.0000000
 1.0000000
 1.0000000
 1.0000000
 1.0000000
 1.0000000
 1.0000000
 1.0000000
 1.0000000
 1.0000000
 1.0000000
 1.0000000
 1.0000000
 1.0000000
 1.0000000
 1.0000000
 1.0000000
 1.0000000
 1.0000000
 1.0000000
 1.0000000
 1.0000000
 1.0000000
 1.0000000
 1.0000000
 1.0000000
 1.0000000
 1.0000000
 1.0000000
 1.0000000
 1.0000000
 1.0000000
 1.0000000
 1.0000000
 1.0000000
 1.0000000
 1.0000000
 1.0000000
 1.0000000
 1.0000000
 1.0000000
 1.0000000
 1.0000000
 1.0000000
 1.0000000
 1.0000000
 1.0000000
 1.0000000
 1.0000000
 1.0000000
 1.0000000
 1.0000000
 1.0000000
 1.0000000
 1.0000000
 1.0000000
 1.0000000
 1.0000000
 1.0000000
 1.0000000
 1.0000000
 1.0000000
 1.0000000
 1.0000000
 1.0000000
 1.0000000
 1.0000000
 1.0000000
 1.0000000
 1.0000000
 1.0000000
 1.0000000
 1.0000000
 1.0000000
 1.0000000
 1.0000000
 1.0000000
 1.0000000
 1.0000000
 1.0000000
 1.0000000
 1.0000000
 1.0000000
 1.0000000
 1.0000000
 1.0000000
 1.0000000
 1.0000000
 1.0000000
 1.0000000
 1.0000000
 1.0000000
 1.0000000
 1.0000000
 1.0000000
 1.0000000
 1.0000000
 1.0000000
 1.0000000
 1.0000000
 1.0000000
 1.0000000
 1.0000000
 1.0000000
 1.0000000
 1.0000000
 1.0000000
 1.0000000
 1.0000000
 1.0000000
 1.0000000
 1.0000000
 1.0000000
 1.0000000
 1.0000000
 1.0000000
 1.0000000
 1.0000000
 1.0000000
 1.0000000
 1.0000000
 1.0000000
 1.0000000
 1.0000000
 1.0000000
 1.0000000
 1.0000000
 1.0000000
 1.0000000
 1.0000000
 1.0000000
 1.0000000
 1.0000000
 1.0000000
 1.0000000
 1.0000000
 1.0000000
 1.0000000
 1.0000000
 1.0000000
 1.0000000
 1.0000000
 1.0000000
 1.0000000
 1.0000000
 1.0000000
 1.0000000
 1.0000000
 1.0000000
 1.0000000
 1.0000000
 1.0000000
 1.0000000
 1.0000000
 1.0000000
 1.0000000
 1.0000000
 1.0000000
 1.0000000
 1.0000000
 1.0000000
 1.0000000
 1.0000000
 1.0000000
 1.0000000
 1.0000000
 1.0000000
 1.0000000
 1.0000000
 1.0000000
 1.0000000
 1.0000000
 1.0000000
 1.0000000
 1.0000000
 1.0000000
 1.0000000
 1.0000000
 1.0000000
 1.0000000
 1.0000000
 1.0000000
 1.0000000
 1.0000000
 1.0000000
 1.0000000
 1.0000000
 1.0000000
 1.0000000
 1.0000000
 1.0000000
 1.0000000
 1.0000000
 1.0000000
 1.0000000
 1.0000000
 1.0000000
 1.0000000
 1.0000000
 1.0000000
 1.0000000
 1.0000000
 1.0000000
 1.0000000
 1.0000000
 1.0000000
 1.0000000
 1.0000000
 1.0000000
 1.0000000
 1.0000000
 1.0000000
 1.0000000
 1.0000000
 1.0000000
 1.0000000
 1.0000000
 1.0000000
 1.0000000
 1.0000000
 1.0000000
 1.0000000
 1.0000000
 1.0000000
 1.0000000
 1.0000000
 1.0000000
 1.0000000
 1.0000000
 1.0000000
 1.0000000
 1.0000000
 1.0000000
 1.0000000
 1.0000000
 1.0000000
 1.0000000
 1.0000000
 1.0000000
 1.0000000
 1.0000000
 1.0000000
 1.0000000
 1.0000000
 1.0000000
 1.0000000
 1.0000000
 1.0000000
 1.0000000
 1.0000000
 1.0000000
 1.0000000
 1.0000000
 1.0000000
 1.0000000
 1.0000000
 1.0000000
 1.0000000
 1.0000000
 1.0000000
 1.0000000
 1.0000000
 1.0000000
 1.0000000
 1.0000000
 1.0000000
 1.0000000
 1.0000000
 1.0000000
 1.0000000
 1.0000000
 1.0000000
 1.0000000
 1.0000000
 1.0000000
 1.0000000
 1.0000000
 1.0000000
 1.0000000
 1.0000000
 1.0000000
 1.0000000
 1.0000000
 1.0000000
 1.0000000
 1.0000000
 1.0000000
 1.0000000
 1.0000000
 1.0000000
 1.0000000
 1.0000000
 1.0000000
 1.0000000
 1.0000000
 1.0000000
 1.0000000
 1.0000000
 1.0000000
 1.0000000
 1.0000000
 1.0000000
 1.0000000
 1.0000000
 1.0000000
 1.0000000
 1.0000000
 1.0000000
 1.0000000
 1.0000000
 1.0000000
 1.0000000
 1.0000000
 1.0000000
 1.0000000
 1.0000000
 1.0000000
 1.0000000
 1.0000000
 1.0000000
 1.0000000
 1.0000000
 1.0000000
 1.0000000
 1.0000000
 1.0000000
 1.0000000
 1.0000000
 1.0000000
 1.0000000
 1.0000000
 1.0000000
 1.0000000
 1.0000000
 1.0000000
 1.0000000
 1.0000000
 1.0000000
 1.0000000
 1.0000000
 1.0000000
 1.0000000
 1.0000000
 1.0000000
 1.0000000
 1.0000000
 1.0000000
 1.0000000
 1.0000000
 1.0000000
 1.0000000
 1.0000000
 1.0000000
 1.0000000
 1.0000000
 1.0000000
 1.0000000
 1.0000000
 1.0000000
 1.0000000
 1.0000000
 1.0000000
 1.0000000
 1.0000000
 1.0000000
 1.0000000
 1.0000000
 1.0000000
 1.0000000
 1.0000000
 1.0000000
 1.0000000
 1.0000000
 1.0000000
 1.0000000
 1.0000000
 1.0000000
 1.0000000
 1.0000000
 1.0000000
 1.0000000
 1.0000000
 1.0000000
 1.0000000
 1.0000000
 1.0000000
 1.0000000
 1.0000000
 1.0000000
 1.0000000
 1.0000000
 1.0000000
 1.0000000
 1.0000000
 1.0000000
 1.0000000
 1.0000000
 1.0000000
 1.0000000
 1.0000000
 1.0000000
 1.0000000
 1.0000000
 1.0000000
 1.0000000
 1.0000000
 1.0000000
 1.0000000
 1.0000000
 1.0000000
 1.0000000
 1.0000000
 1.0000000
 1.0000000
 1.0000000
 1.0000000
 1.0000000
 1.0000000
 1.0000000
 1.0000000
 1.0000000
 1.0000000
 1.0000000
 1.0000000
 1.0000000
 1.0000000
 1.0000000
 1.0000000
 1.0000000
 1.0000000
 1.0000000
 1.0000000
 1.0000000
 1.0000000
 1.0000000
 1.0000000
 1.0000000
 1.0000000
 1.0000000
 1.0000000
 1.0000000
 1.0000000
 1.0000000
 1.0000000
 1.0000000
 1.0000000
 1.0000000
 1.0000000
 1.0000000
 1.0000000
 1.0000000
 1.0000000
 1.0000000
 1.0000000
 1.0000000
 1.0000000
 1.0000000
 1.0000000
 1.0000000
 1.0000000
 1.0000000
 1.0000000
 1.0000000
 1.0000000
 1.0000000
 1.0000000
 1.0000000
 1.0000000
 1.0000000
 1.0000000
 1.0000000
 1.0000000
 1.0000000
 1.0000000
 1.0000000
 1.0000000
 1.0000000
 1.0000000
 1.0000000
 1.0000000
 1.0000000
 1.0000000
 1.0000000
 1.0000000
 1.0000000
 1.0000000
 1.0000000
 1.0000000
 1.0000000
 1.0000000
 1.0000000
 1.0000000
 1.0000000
 1.0000000
 1.0000000
 1.0000000
 1.0000000
 1.0000000
 1.0000000
 1.0000000
 1.0000000
 1.0000000
 1.0000000
 1.0000000
 1.0000000
 1.0000000
 1.0000000
 1.0000000
 1.0000000
 1.0000000
 1.0000000
 1.0000000
 1.0000000
 1.0000000
 1.0000000
 1.0000000
 1.0000000
 1.0000000
 1.0000000
 1.0000000
 1.0000000
 1.0000000
 1.0000000
 1.0000000
 1.0000000
 1.0000000
 1.0000000
 1.0000000
 1.0000000
 1.0000000
 1.0000000
 1.0000000
 1.0000000
 1.0000000
 1.0000000
 1.0000000
 1.0000000
 1.0000000
 1.0000000
 1.0000000
 1.0000000
 1.0000000
 1.0000000
 1.0000000
 1.0000000
 1.0000000
 1.0000000
 1.0000000
 1.0000000
 1.0000000
 1.0000000
 1.0000000
 1.0000000
 1.0000000
 1.0000000
 1.0000000
 1.0000000
 1.0000000
 1.0000000
 1.0000000
 1.0000000
 1.0000000
 1.0000000
 1.0000000
 1.0000000
 1.0000000
 1.0000000
 1.0000000
 1.0000000
 1.0000000
 1.0000000
 1.0000000
 1.0000000
 1.0000000
 1.0000000
 1.0000000
 1.0000000
 1.0000000
 1.0000000
 1.0000000
 1.0000000
 1.0000000
 1.0000000
 1.0000000
 1.0000000
 1.0000000
 1.0000000
 1.0000000
 1.0000000
 1.0000000
 1.0000000
 1.0000000
 1.0000000
 1.0000000
 1.0000000
 1.0000000
 1.0000000
 1.0000000
 1.0000000
 1.0000000
 1.0000000
 1.0000000
 1.0000000
 1.0000000
 1.0000000
 1.0000000
 1.0000000
 1.0000000
 1.0000000
 1.0000000
 1.0000000
 1.0000000
 1.0000000
 1.0000000
 1.0000000
 1.0000000
 1.0000000
 1.0000000
 1.0000000
 1.0000000
 1.0000000
 1.0000000
 1.0000000
 1.0000000
 1.0000000
 1.0000000
 1.0000000
 1.0000000
 1.0000000
 1.0000000
 1.0000000
 1.0000000
 1.0000000
 1.0000000
 1.0000000
 1.0000000
 1.0000000
 1.0000000
 1.0000000
 1.0000000
 1.0000000
 1.0000000
 1.0000000
 1.0000000
 1.0000000
 1.0000000
 1.0000000
 1.0000000
 1.0000000
 1.0000000
 1.0000000
 1.0000000
 1.0000000
 1.0000000
 1.0000000
 1.0000000
 1.0000000
 1.0000000
 1.0000000
 1.0000000
 1.0000000
 1.0000000
 1.0000000
 1.0000000
 1.0000000
 1.0000000
 1.0000000
 1.0000000
 1.0000000
 1.0000000
 1.0000000
 1.0000000
 1.0000000
 1.0000000
 1.0000000
 1.0000000
 1.0000000
 1.0000000
 1.0000000
 1.0000000
 1.0000000
 1.0000000
 1.0000000
 1.0000000
 1.0000000
 1.0000000
 1.0000000
 1.0000000
 1.0000000
 1.0000000
 1.0000000
 1.0000000
 1.0000000
 1.0000000
 1.0000000
 1.0000000
 1.0000000
 1.0000000
 1.0000000
 1.0000000
 1.0000000
 1.0000000
 1.0000000
 1.0000000
 1.0000000
 1.0000000
 1.0000000
 1.0000000
 1.0000000
 1.0000000
