 0.0000000
 0.0000000
 0.0000000
 0.0000000
 0.0000000
 0.0000000
 0.0000000
 0.0000000
 0.0000000
 0.0000000
 0.0000000
 0.0000000
 0.0000000
 0.0000000
 0.0000000
 0.0000000
 0.0000000
 0.0000000
 0.0000000
 0.0000000
 0.0000000
 0.0000000
 0.0000000
 0.0000467
 0.0000467
 0.0418316
 0.0423140
 0.0441634
 0.0450996
 0.5039125
 0.5086533
 0.5370347
 0.5399883
 0.5924262
 0.5941894
 0.6369227
 0.6439137
 0.6665664
 0.6683704
 0.6686038
 0.6756120
 0.6804889
 0.6878180
 0.7088642
 0.7101543
 0.7134861
 0.7209091
 0.7337600
 0.7500117
 0.7503618
 0.7532894
 0.7552113
 0.7622418
 0.7623352
 0.8046623
 0.8073348
 0.8336412
 0.8339493
 0.8619572
 0.8626808
 0.9646986
 0.9646986
 0.9733412
 0.9733412
 0.9766948
 0.9766948
 0.9805386
 0.9805386
 0.9806261
 0.9806261
 0.9838422
 0.9838733
 0.9841068
 0.9841068
 0.9875039
 0.9875039
 0.9881808
 0.9881808
 0.9887800
 0.9887800
 0.9887800
 0.9887800
 0.9889823
 0.9889823
 0.9889823
 0.9889823
 0.9897993
 0.9897993
 0.9897993
 0.9897993
 0.9900716
 0.9900716
 0.9901883
 0.9901883
 0.9903050
 0.9903050
 0.9903984
 0.9903984
 0.9907252
 0.9907252
 0.9907252
 0.9907252
 0.9910987
 0.9910987
 0.9912154
 0.9912154
 0.9914255
 0.9914255
 0.9921880
 0.9921880
 0.9922814
 0.9922814
 0.9925926
 0.9925926
 0.9925926
 0.9925926
 0.9925926
 0.9925926
 0.9925926
 0.9925926
 0.9925926
 0.9925926
 0.9928416
 0.9928416
 0.9928416
 0.9928416
 0.9932617
 0.9932617
 0.9933862
 0.9933862
 0.9935613
 0.9935613
 0.9938336
 0.9938336
 0.9940826
 0.9940826
 0.9941993
 0.9941993
 0.9944328
 0.9944328
 0.9944328
 0.9944328
 0.9945884
 0.9945884
 0.9949385
 0.9949385
 0.9949385
 0.9949385
 0.9950163
 0.9950163
 0.9950163
 0.9950163
 0.9952653
 0.9952653
 0.9952653
 0.9952653
 0.9954988
 0.9954988
 0.9954988
 0.9954988
 0.9954988
 0.9954988
 0.9954988
 0.9954988
 0.9955766
 0.9955766
 0.9955766
 0.9955766
 0.9955766
 0.9955766
 0.9956933
 0.9956933
 0.9959267
 0.9959267
 0.9961757
 0.9961757
 0.9961757
 0.9961757
 0.9963508
 0.9963508
 0.9963508
 0.9963508
 0.9963508
 0.9963508
 0.9963508
 0.9963508
 0.9963508
 0.9963508
 0.9963508
 0.9963508
 0.9963508
 0.9963508
 0.9963508
 0.9963508
 0.9963508
 0.9963508
 0.9963508
 0.9963508
 0.9963508
 0.9963508
 0.9963508
 0.9963508
 0.9963508
 0.9963508
 0.9963508
 0.9963508
 0.9963508
 0.9963508
 0.9963508
 0.9963508
 0.9963508
 0.9963508
 0.9963508
 0.9963508
 0.9963508
 0.9963508
 0.9963508
 0.9963508
 0.9963508
 0.9963508
 0.9963508
 0.9963508
 0.9965064
 0.9965064
 0.9965064
 0.9965064
 0.9965064
 0.9965064
 0.9965064
 0.9965064
 0.9965064
 0.9965064
 0.9965064
 0.9965064
 0.9965064
 0.9965064
 0.9965064
 0.9965064
 0.9965064
 0.9965064
 0.9966309
 0.9966309
 0.9966309
 0.9966309
 0.9966309
 0.9966309
 0.9967865
 0.9967865
 0.9967865
 0.9967865
 0.9967865
 0.9967865
 0.9967865
 0.9967865
 0.9968799
 0.9968799
 0.9969732
 0.9969732
 0.9969732
 0.9969732
 0.9969732
 0.9969732
 0.9969732
 0.9969732
 0.9969732
 0.9969732
 0.9969732
 0.9969732
 0.9969732
 0.9969732
 0.9969732
 0.9969732
 0.9969732
 0.9969732
 0.9972222
 0.9972222
 0.9973778
 0.9973778
 0.9973778
 0.9973778
 0.9973778
 0.9973778
 0.9973778
 0.9973778
 0.9973778
 0.9973778
 0.9976268
 0.9976268
 0.9976268
 0.9976268
 0.9976268
 0.9976268
 0.9976268
 0.9976268
 0.9976268
 0.9976268
 0.9976268
 0.9976268
 0.9976268
 0.9976268
 0.9976268
 0.9976268
 0.9976268
 0.9976268
 0.9977202
 0.9977202
 0.9977202
 0.9977202
 0.9977202
 0.9977202
 0.9977202
 0.9977202
 0.9978136
 0.9978136
 0.9978136
 0.9978136
 0.9978136
 0.9978136
 0.9978136
 0.9978136
 0.9978136
 0.9978136
 0.9978136
 0.9978136
 0.9978136
 0.9978136
 0.9978136
 0.9978136
 0.9978136
 0.9978136
 0.9978136
 0.9978136
 0.9979303
 0.9979303
 0.9979303
 0.9979303
 0.9979303
 0.9979303
 0.9979303
 0.9979303
 0.9979303
 0.9979303
 0.9979303
 0.9979303
 0.9979303
 0.9979303
 0.9980859
 0.9980859
 0.9980859
 0.9980859
 0.9980859
 0.9980859
 0.9980859
 0.9980859
 0.9980859
 0.9980859
 0.9980859
 0.9980859
 0.9980859
 0.9980859
 0.9980859
 0.9980859
 0.9980859
 0.9980859
 0.9980859
 0.9980859
 0.9980859
 0.9980859
 0.9980859
 0.9980859
 0.9980859
 0.9980859
 0.9980859
 0.9980859
 0.9980859
 0.9980859
 0.9980859
 0.9980859
 0.9980859
 0.9980859
 0.9980859
 0.9980859
 0.9980859
 0.9980859
 0.9980859
 0.9980859
 0.9980859
 0.9980859
 0.9980859
 0.9980859
 0.9980859
 0.9980859
 0.9980859
 0.9980859
 0.9980859
 0.9980859
 0.9980859
 0.9980859
 0.9980859
 0.9980859
 0.9980859
 0.9980859
 0.9980859
 0.9980859
 0.9980859
 0.9980859
 0.9980859
 0.9980859
 0.9980859
 0.9980859
 0.9982026
 0.9982026
 0.9982026
 0.9982026
 0.9982026
 0.9982026
 0.9982026
 0.9982026
 0.9982026
 0.9982026
 0.9984360
 0.9984360
 0.9984360
 0.9984360
 0.9985917
 0.9985917
 0.9989185
 0.9989185
 0.9989185
 0.9989185
 0.9989185
 0.9989185
 0.9989185
 0.9989185
 0.9989185
 0.9989185
 0.9989185
 0.9989185
 0.9989185
 0.9989185
 0.9989185
 0.9989185
 0.9989185
 0.9989185
 0.9989185
 0.9989185
 0.9989185
 0.9989185
 0.9989185
 0.9989185
 0.9989185
 0.9989185
 0.9989185
 0.9989185
 0.9989185
 0.9989185
 0.9989185
 0.9989185
 0.9989185
 0.9989185
 0.9989185
 0.9989185
 0.9991519
 0.9991519
 0.9991519
 0.9991519
 0.9991519
 0.9991519
 0.9991519
 0.9991519
 0.9991519
 0.9991519
 0.9991519
 0.9991519
 0.9991519
 0.9991519
 0.9991519
 0.9991519
 0.9991519
 0.9991519
 0.9991519
 0.9991519
 0.9991519
 0.9991519
 0.9991519
 0.9991519
 0.9991519
 0.9991519
 0.9991519
 0.9991519
 0.9991519
 0.9991519
 0.9991519
 0.9991519
 0.9991519
 0.9991519
 0.9991519
 0.9991519
 0.9991519
 0.9991519
 0.9991519
 0.9991519
 0.9991519
 0.9991519
 0.9991519
 0.9991519
 0.9991519
 0.9991519
 0.9991519
 0.9991519
 0.9991519
 0.9991519
 0.9991519
 0.9991519
 0.9991519
 0.9991519
 0.9992453
 0.9992453
 0.9994009
 0.9994009
 0.9994009
 0.9994009
 0.9994009
 0.9994009
 0.9994009
 0.9994009
 0.9994009
 0.9994009
 0.9994009
 0.9994009
 0.9994009
 0.9994009
 0.9995176
 0.9995176
 0.9995176
 0.9995176
 0.9995176
 0.9995176
 0.9995176
 0.9995176
 0.9995176
 0.9995176
 0.9995176
 0.9995176
 0.9995176
 0.9995176
 0.9995176
 0.9995176
 0.9995176
 0.9995176
 0.9995176
 0.9995176
 0.9995176
 0.9995176
 0.9995176
 0.9995176
 0.9995176
 0.9995176
 0.9995176
 0.9995176
 0.9995176
 0.9995176
 0.9995176
 0.9995176
 0.9995176
 0.9995176
 0.9995176
 0.9995176
 0.9995176
 0.9995176
 0.9995176
 0.9995176
 0.9995176
 0.9995176
 0.9995176
 0.9995176
 0.9995176
 0.9995176
 0.9995176
 0.9995176
 0.9995176
 0.9995176
 0.9995176
 0.9995176
 0.9995176
 0.9995176
 0.9995176
 0.9995176
 0.9995176
 0.9995176
 0.9995176
 0.9995176
 0.9995176
 0.9995176
 0.9995176
 0.9995176
 0.9995176
 0.9995176
 0.9995176
 0.9995176
 0.9995176
 0.9995176
 0.9995176
 0.9995176
 0.9995176
 0.9995176
 0.9995176
 0.9995176
 0.9995176
 0.9995176
 0.9995176
 0.9995176
 0.9995176
 0.9995176
 0.9995176
 0.9995176
 0.9995176
 0.9995176
 0.9995176
 0.9995176
 0.9995176
 0.9995176
 0.9995176
 0.9995176
 0.9995176
 0.9995176
 0.9995176
 0.9995176
 0.9995176
 0.9995176
 0.9995176
 0.9995176
 0.9995176
 0.9995176
 0.9995176
 0.9995176
 0.9995176
 0.9995176
 0.9995176
 0.9995176
 0.9995176
 0.9995176
 0.9995176
 0.9995176
 0.9995176
 0.9995176
 0.9995176
 0.9995176
 0.9995176
 0.9995176
 0.9995176
 0.9995176
 0.9995176
 0.9995176
 0.9995176
 0.9995176
 0.9995176
 0.9995176
 0.9995176
 0.9995176
 0.9995176
 0.9995176
 0.9995176
 0.9995176
 0.9995176
 0.9995176
 0.9995176
 0.9995176
 0.9995176
 0.9995176
 0.9995176
 0.9995176
 0.9995176
 0.9995176
 0.9995176
 0.9995176
 0.9995176
 0.9995176
 0.9995176
 0.9995176
 0.9995176
 0.9995176
 0.9995176
 0.9995176
 0.9995176
 0.9995176
 0.9995176
 0.9995176
 0.9995176
 0.9995176
 0.9995176
 0.9995176
 0.9995176
 0.9995176
 0.9995176
 0.9995176
 0.9995176
 0.9995176
 0.9995176
 0.9995176
 0.9995176
 0.9995176
 0.9995176
 0.9995176
 0.9995176
 0.9995176
 0.9995176
 0.9995176
 0.9995176
 0.9995176
 0.9995176
 0.9995176
 0.9995176
 0.9995176
 0.9995176
 0.9995176
 0.9995176
 0.9995176
 0.9995176
 0.9995176
 0.9995176
 0.9995176
 0.9995176
 0.9995176
 0.9995176
 0.9995176
 0.9995176
 0.9995176
 0.9995176
 0.9995176
 0.9995176
 0.9995176
 0.9995176
 0.9995176
 0.9995176
 0.9995176
 0.9995176
 0.9995176
 0.9995176
 0.9995176
 0.9995176
 0.9995176
 0.9995176
 0.9995176
 0.9995176
 0.9995176
 0.9995176
 0.9995176
 0.9995176
 0.9995176
 0.9995176
 0.9995176
 0.9995176
 0.9995176
 0.9995176
 0.9995176
 0.9995176
 0.9995176
 0.9995176
 0.9995176
 0.9995176
 0.9995176
 0.9995176
 0.9995176
 0.9995176
 0.9995176
 0.9995176
 0.9995176
 0.9995176
 0.9995176
 0.9995176
 0.9995176
 0.9995176
 0.9995176
 0.9995176
 0.9995176
 0.9995176
 0.9995176
 0.9995176
 0.9995176
 0.9995176
 0.9995176
 0.9995176
 0.9995176
 0.9995176
 0.9995176
 0.9995176
 0.9995176
 0.9995176
 0.9995176
 0.9995176
 0.9995176
 0.9995176
 0.9995176
 0.9995176
 0.9995176
 0.9995176
 0.9995176
 0.9995176
 0.9995176
 0.9995176
 0.9995176
 0.9995176
 0.9995176
 0.9995176
 0.9995176
 0.9995176
 0.9995176
 0.9995176
 0.9995176
 0.9995176
 0.9995176
 0.9995176
 0.9995176
 0.9995176
 0.9995176
 0.9995176
 0.9995176
 0.9995176
 0.9995176
 0.9995176
 0.9995176
 0.9995176
 0.9995176
 0.9995176
 0.9995176
 0.9995176
 0.9995176
 0.9995176
 0.9995176
 0.9995176
 0.9995176
 0.9995176
 0.9995176
 0.9995176
 0.9995176
 0.9995176
 0.9995176
 0.9995176
 0.9995176
 0.9996110
 0.9996110
 0.9996110
 0.9996110
 0.9996110
 0.9996110
 0.9996110
 0.9996110
 0.9996110
 0.9996110
 0.9996110
 0.9996110
 0.9996110
 0.9996110
 0.9996110
 0.9996110
 0.9996110
 0.9996110
 0.9996110
 0.9996110
 0.9996110
 0.9996110
 0.9996110
 0.9996110
 0.9996110
 0.9996110
 0.9996110
 0.9996110
 0.9996110
 0.9996110
 0.9996110
 0.9996110
 0.9996110
 0.9996110
 0.9996110
 0.9996110
 0.9998444
 0.9998444
 0.9998444
 0.9998444
 0.9998444
 0.9998444
 0.9998444
 0.9998444
 0.9998444
 0.9998444
 0.9998444
 0.9998444
 0.9998444
 0.9998444
 0.9998444
 0.9998444
 0.9998444
 0.9998444
 0.9998444
 0.9998444
 0.9998444
 0.9998444
 0.9998444
 0.9998444
 0.9998444
 0.9998444
 0.9998444
 0.9998444
 0.9998444
 0.9998444
 0.9998444
 0.9998444
 0.9998444
 0.9998444
 0.9998444
 0.9998444
 0.9998444
 0.9998444
 0.9998444
 0.9998444
 1.0000000
 1.0000000
 1.0000000
 1.0000000
 1.0000000
 1.0000000
 1.0000000
 1.0000000
 1.0000000
 1.0000000
 1.0000000
 1.0000000
 1.0000000
 1.0000000
 1.0000000
 1.0000000
 1.0000000
 1.0000000
 1.0000000
 1.0000000
 1.0000000
 1.0000000
 1.0000000
 1.0000000
 1.0000000
 1.0000000
 1.0000000
 1.0000000
 1.0000000
 1.0000000
 1.0000000
 1.0000000
 1.0000000
 1.0000000
 1.0000000
 1.0000000
 1.0000000
 1.0000000
 1.0000000
 1.0000000
 1.0000000
 1.0000000
 1.0000000
 1.0000000
 1.0000000
 1.0000000
 1.0000000
 1.0000000
 1.0000000
 1.0000000
 1.0000000
 1.0000000
 1.0000000
 1.0000000
 1.0000000
 1.0000000
 1.0000000
 1.0000000
 1.0000000
 1.0000000
 1.0000000
 1.0000000
 1.0000000
 1.0000000
 1.0000000
 1.0000000
 1.0000000
 1.0000000
 1.0000000
 1.0000000
 1.0000000
 1.0000000
 1.0000000
 1.0000000
 1.0000000
 1.0000000
 1.0000000
 1.0000000
 1.0000000
 1.0000000
 1.0000000
 1.0000000
 1.0000000
 1.0000000
 1.0000000
 1.0000000
 1.0000000
 1.0000000
 1.0000000
 1.0000000
 1.0000000
 1.0000000
 1.0000000
 1.0000000
 1.0000000
 1.0000000
 1.0000000
 1.0000000
 1.0000000
 1.0000000
 1.0000000
 1.0000000
 1.0000000
 1.0000000
 1.0000000
 1.0000000
 1.0000000
 1.0000000
 1.0000000
 1.0000000
 1.0000000
 1.0000000
 1.0000000
 1.0000000
 1.0000000
 1.0000000
 1.0000000
 1.0000000
 1.0000000
 1.0000000
 1.0000000
 1.0000000
 1.0000000
 1.0000000
 1.0000000
 1.0000000
 1.0000000
 1.0000000
 1.0000000
 1.0000000
 1.0000000
 1.0000000
 1.0000000
 1.0000000
 1.0000000
 1.0000000
 1.0000000
 1.0000000
 1.0000000
 1.0000000
 1.0000000
 1.0000000
 1.0000000
 1.0000000
 1.0000000
 1.0000000
 1.0000000
 1.0000000
 1.0000000
 1.0000000
 1.0000000
 1.0000000
 1.0000000
 1.0000000
 1.0000000
 1.0000000
 1.0000000
 1.0000000
 1.0000000
 1.0000000
 1.0000000
 1.0000000
 1.0000000
 1.0000000
 1.0000000
 1.0000000
 1.0000000
 1.0000000
 1.0000000
 1.0000000
 1.0000000
 1.0000000
 1.0000000
 1.0000000
 1.0000000
 1.0000000
 1.0000000
 1.0000000
 1.0000000
 1.0000000
 1.0000000
 1.0000000
 1.0000000
 1.0000000
 1.0000000
 1.0000000
 1.0000000
 1.0000000
 1.0000000
 1.0000000
 1.0000000
 1.0000000
 1.0000000
 1.0000000
 1.0000000
 1.0000000
 1.0000000
 1.0000000
 1.0000000
 1.0000000
 1.0000000
 1.0000000
 1.0000000
 1.0000000
 1.0000000
 1.0000000
 1.0000000
 1.0000000
 1.0000000
 1.0000000
 1.0000000
 1.0000000
 1.0000000
 1.0000000
 1.0000000
 1.0000000
 1.0000000
 1.0000000
 1.0000000
 1.0000000
 1.0000000
 1.0000000
 1.0000000
 1.0000000
 1.0000000
 1.0000000
 1.0000000
 1.0000000
 1.0000000
 1.0000000
 1.0000000
 1.0000000
 1.0000000
 1.0000000
 1.0000000
 1.0000000
 1.0000000
 1.0000000
 1.0000000
 1.0000000
 1.0000000
 1.0000000
 1.0000000
 1.0000000
 1.0000000
 1.0000000
 1.0000000
 1.0000000
 1.0000000
 1.0000000
 1.0000000
 1.0000000
 1.0000000
 1.0000000
 1.0000000
 1.0000000
 1.0000000
 1.0000000
 1.0000000
 1.0000000
 1.0000000
 1.0000000
 1.0000000
 1.0000000
 1.0000000
 1.0000000
 1.0000000
 1.0000000
 1.0000000
 1.0000000
 1.0000000
 1.0000000
 1.0000000
 1.0000000
 1.0000000
 1.0000000
 1.0000000
 1.0000000
 1.0000000
 1.0000000
 1.0000000
 1.0000000
 1.0000000
 1.0000000
 1.0000000
 1.0000000
 1.0000000
 1.0000000
 1.0000000
 1.0000000
 1.0000000
 1.0000000
 1.0000000
 1.0000000
 1.0000000
 1.0000000
 1.0000000
 1.0000000
 1.0000000
 1.0000000
 1.0000000
 1.0000000
 1.0000000
 1.0000000
 1.0000000
 1.0000000
 1.0000000
 1.0000000
 1.0000000
 1.0000000
 1.0000000
 1.0000000
 1.0000000
 1.0000000
 1.0000000
 1.0000000
 1.0000000
 1.0000000
 1.0000000
 1.0000000
 1.0000000
 1.0000000
 1.0000000
 1.0000000
 1.0000000
 1.0000000
 1.0000000
 1.0000000
 1.0000000
 1.0000000
 1.0000000
 1.0000000
 1.0000000
 1.0000000
 1.0000000
 1.0000000
 1.0000000
 1.0000000
 1.0000000
 1.0000000
 1.0000000
 1.0000000
 1.0000000
 1.0000000
 1.0000000
 1.0000000
 1.0000000
 1.0000000
 1.0000000
 1.0000000
 1.0000000
 1.0000000
 1.0000000
 1.0000000
 1.0000000
 1.0000000
 1.0000000
 1.0000000
 1.0000000
 1.0000000
 1.0000000
 1.0000000
 1.0000000
 1.0000000
 1.0000000
 1.0000000
 1.0000000
 1.0000000
 1.0000000
 1.0000000
 1.0000000
 1.0000000
 1.0000000
 1.0000000
 1.0000000
 1.0000000
 1.0000000
 1.0000000
 1.0000000
 1.0000000
 1.0000000
 1.0000000
 1.0000000
 1.0000000
 1.0000000
 1.0000000
 1.0000000
 1.0000000
 1.0000000
 1.0000000
 1.0000000
 1.0000000
 1.0000000
 1.0000000
 1.0000000
 1.0000000
 1.0000000
 1.0000000
 1.0000000
 1.0000000
 1.0000000
 1.0000000
 1.0000000
 1.0000000
 1.0000000
 1.0000000
 1.0000000
 1.0000000
 1.0000000
 1.0000000
 1.0000000
 1.0000000
 1.0000000
 1.0000000
 1.0000000
 1.0000000
 1.0000000
 1.0000000
 1.0000000
 1.0000000
 1.0000000
 1.0000000
 1.0000000
 1.0000000
 1.0000000
 1.0000000
 1.0000000
 1.0000000
 1.0000000
 1.0000000
 1.0000000
 1.0000000
 1.0000000
 1.0000000
 1.0000000
 1.0000000
 1.0000000
 1.0000000
 1.0000000
 1.0000000
 1.0000000
 1.0000000
 1.0000000
 1.0000000
 1.0000000
 1.0000000
 1.0000000
 1.0000000
 1.0000000
 1.0000000
 1.0000000
 1.0000000
 1.0000000
 1.0000000
 1.0000000
 1.0000000
 1.0000000
 1.0000000
 1.0000000
 1.0000000
 1.0000000
 1.0000000
 1.0000000
 1.0000000
 1.0000000
 1.0000000
 1.0000000
 1.0000000
 1.0000000
 1.0000000
 1.0000000
 1.0000000
 1.0000000
 1.0000000
 1.0000000
 1.0000000
 1.0000000
 1.0000000
 1.0000000
 1.0000000
 1.0000000
 1.0000000
 1.0000000
 1.0000000
 1.0000000
 1.0000000
 1.0000000
 1.0000000
 1.0000000
 1.0000000
 1.0000000
 1.0000000
 1.0000000
 1.0000000
 1.0000000
 1.0000000
 1.0000000
 1.0000000
 1.0000000
 1.0000000
 1.0000000
 1.0000000
 1.0000000
 1.0000000
 1.0000000
 1.0000000
 1.0000000
 1.0000000
 1.0000000
 1.0000000
 1.0000000
 1.0000000
 1.0000000
 1.0000000
 1.0000000
 1.0000000
 1.0000000
 1.0000000
 1.0000000
 1.0000000
 1.0000000
 1.0000000
 1.0000000
 1.0000000
 1.0000000
 1.0000000
 1.0000000
 1.0000000
 1.0000000
 1.0000000
 1.0000000
 1.0000000
 1.0000000
 1.0000000
 1.0000000
 1.0000000
 1.0000000
 1.0000000
 1.0000000
 1.0000000
 1.0000000
 1.0000000
 1.0000000
 1.0000000
 1.0000000
 1.0000000
 1.0000000
 1.0000000
 1.0000000
 1.0000000
 1.0000000
 1.0000000
 1.0000000
 1.0000000
 1.0000000
 1.0000000
 1.0000000
 1.0000000
 1.0000000
 1.0000000
 1.0000000
 1.0000000
 1.0000000
 1.0000000
 1.0000000
 1.0000000
 1.0000000
 1.0000000
 1.0000000
 1.0000000
 1.0000000
 1.0000000
 1.0000000
 1.0000000
 1.0000000
 1.0000000
 1.0000000
 1.0000000
 1.0000000
 1.0000000
 1.0000000
 1.0000000
 1.0000000
 1.0000000
 1.0000000
 1.0000000
 1.0000000
 1.0000000
 1.0000000
 1.0000000
 1.0000000
 1.0000000
 1.0000000
 1.0000000
 1.0000000
 1.0000000
 1.0000000
 1.0000000
 1.0000000
 1.0000000
 1.0000000
 1.0000000
 1.0000000
 1.0000000
 1.0000000
 1.0000000
 1.0000000
 1.0000000
 1.0000000
 1.0000000
 1.0000000
 1.0000000
 1.0000000
 1.0000000
 1.0000000
 1.0000000
 1.0000000
 1.0000000
 1.0000000
 1.0000000
 1.0000000
 1.0000000
 1.0000000
 1.0000000
 1.0000000
 1.0000000
 1.0000000
 1.0000000
 1.0000000
 1.0000000
 1.0000000
 1.0000000
 1.0000000
 1.0000000
 1.0000000
 1.0000000
 1.0000000
 1.0000000
 1.0000000
 1.0000000
 1.0000000
 1.0000000
 1.0000000
 1.0000000
 1.0000000
 1.0000000
 1.0000000
 1.0000000
 1.0000000
 1.0000000
 1.0000000
 1.0000000
 1.0000000
 1.0000000
 1.0000000
 1.0000000
 1.0000000
 1.0000000
 1.0000000
 1.0000000
 1.0000000
 1.0000000
 1.0000000
 1.0000000
 1.0000000
 1.0000000
 1.0000000
 1.0000000
 1.0000000
 1.0000000
 1.0000000
 1.0000000
 1.0000000
 1.0000000
 1.0000000
 1.0000000
 1.0000000
 1.0000000
 1.0000000
 1.0000000
 1.0000000
 1.0000000
 1.0000000
 1.0000000
 1.0000000
 1.0000000
 1.0000000
 1.0000000
 1.0000000
 1.0000000
 1.0000000
 1.0000000
 1.0000000
 1.0000000
 1.0000000
 1.0000000
 1.0000000
 1.0000000
 1.0000000
 1.0000000
 1.0000000
 1.0000000
 1.0000000
 1.0000000
 1.0000000
 1.0000000
 1.0000000
 1.0000000
 1.0000000
 1.0000000
 1.0000000
 1.0000000
 1.0000000
 1.0000000
 1.0000000
 1.0000000
 1.0000000
 1.0000000
 1.0000000
 1.0000000
 1.0000000
 1.0000000
 1.0000000
 1.0000000
 1.0000000
 1.0000000
 1.0000000
 1.0000000
 1.0000000
 1.0000000
 1.0000000
 1.0000000
 1.0000000
 1.0000000
 1.0000000
 1.0000000
 1.0000000
 1.0000000
 1.0000000
 1.0000000
 1.0000000
 1.0000000
 1.0000000
 1.0000000
 1.0000000
 1.0000000
 1.0000000
 1.0000000
 1.0000000
 1.0000000
 1.0000000
 1.0000000
 1.0000000
 1.0000000
 1.0000000
 1.0000000
 1.0000000
 1.0000000
 1.0000000
 1.0000000
 1.0000000
 1.0000000
 1.0000000
 1.0000000
 1.0000000
 1.0000000
 1.0000000
 1.0000000
 1.0000000
 1.0000000
 1.0000000
 1.0000000
 1.0000000
 1.0000000
 1.0000000
 1.0000000
 1.0000000
 1.0000000
 1.0000000
 1.0000000
 1.0000000
 1.0000000
 1.0000000
 1.0000000
 1.0000000
 1.0000000
 1.0000000
 1.0000000
 1.0000000
 1.0000000
 1.0000000
 1.0000000
 1.0000000
 1.0000000
 1.0000000
 1.0000000
 1.0000000
 1.0000000
 1.0000000
 1.0000000
 1.0000000
 1.0000000
 1.0000000
 1.0000000
 1.0000000
 1.0000000
 1.0000000
 1.0000000
 1.0000000
 1.0000000
 1.0000000
 1.0000000
 1.0000000
 1.0000000
 1.0000000
 1.0000000
 1.0000000
 1.0000000
 1.0000000
 1.0000000
 1.0000000
 1.0000000
 1.0000000
 1.0000000
 1.0000000
 1.0000000
 1.0000000
 1.0000000
 1.0000000
 1.0000000
 1.0000000
 1.0000000
 1.0000000
 1.0000000
 1.0000000
 1.0000000
 1.0000000
 1.0000000
 1.0000000
 1.0000000
 1.0000000
 1.0000000
 1.0000000
 1.0000000
 1.0000000
 1.0000000
 1.0000000
 1.0000000
 1.0000000
 1.0000000
 1.0000000
 1.0000000
 1.0000000
 1.0000000
 1.0000000
 1.0000000
 1.0000000
 1.0000000
 1.0000000
 1.0000000
 1.0000000
 1.0000000
 1.0000000
 1.0000000
 1.0000000
 1.0000000
 1.0000000
 1.0000000
 1.0000000
 1.0000000
 1.0000000
 1.0000000
 1.0000000
 1.0000000
 1.0000000
 1.0000000
 1.0000000
 1.0000000
 1.0000000
 1.0000000
 1.0000000
 1.0000000
 1.0000000
 1.0000000
 1.0000000
 1.0000000
 1.0000000
 1.0000000
 1.0000000
 1.0000000
 1.0000000
 1.0000000
 1.0000000
 1.0000000
 1.0000000
 1.0000000
 1.0000000
 1.0000000
 1.0000000
 1.0000000
 1.0000000
 1.0000000
