 2.0000001
 1.0000001
 1.0000000
 0.9123160
 0.9123104
 0.9069792
 0.9069752
 0.8970241
 0.8970208
 0.8964881
 0.8964660
 0.8930707
 0.8930559
 0.8826587
 0.8826517
 0.8740418
 0.8740231
 0.8639308
 0.8639303
 0.8244665
 0.8244306
 0.8111677
 0.8111253
 0.7673380
 0.7671353
 0.5935788
 0.5933902
 0.5917215
 0.5908612
 0.4182635
 0.4169933
 0.4067592
 0.4056243
 0.3886946
 0.3880872
 0.3723740
 0.3700105
 0.3607984
 0.3601947
 0.3600537
 0.3572983
 0.3553197
 0.3521947
 0.3431154
 0.3424837
 0.3413479
 0.3378508
 0.3332252
 0.3271513
 0.3270758
 0.3253880
 0.3243561
 0.3206798
 0.3205499
 0.3005806
 0.2989991
 0.2851617
 0.2850040
 0.2685034
 0.2682868
 0.1764621
 0.1764162
 0.1636796
 0.1636713
 0.1574724
 0.1574447
 0.1490909
 0.1490374
 0.1487640
 0.1487289
 0.1417910
 0.1417457
 0.1405571
 0.1405489
 0.1327501
 0.1327397
 0.1315709
 0.1315510
 0.1276767
 0.1276532
 0.1266983
 0.1266747
 0.1259051
 0.1259033
 0.1257939
 0.1257880
 0.1240421
 0.1240394
 0.1237056
 0.1237013
 0.1216183
 0.1216137
 0.1211880
 0.1211868
 0.1201969
 0.1201541
 0.1190849
 0.1190687
 0.1181852
 0.1181811
 0.1178559
 0.1178523
 0.1163854
 0.1163720
 0.1127547
 0.1127344
 0.1119684
 0.1119682
 0.1088661
 0.1088654
 0.1077439
 0.1077389
 0.1070036
 0.1069918
 0.1061511
 0.1061496
 0.1060741
 0.1060466
 0.1058863
 0.1058837
 0.1056880
 0.1056877
 0.1052777
 0.1052696
 0.1052022
 0.1052007
 0.1034005
 0.1033984
 0.1018915
 0.1018851
 0.1011247
 0.1011239
 0.0985710
 0.0985676
 0.0975513
 0.0975511
 0.0971507
 0.0971464
 0.0960294
 0.0960252
 0.0959386
 0.0959373
 0.0955328
 0.0955268
 0.0942607
 0.0942550
 0.0942131
 0.0942121
 0.0935650
 0.0935520
 0.0933396
 0.0933270
 0.0924852
 0.0924755
 0.0920010
 0.0919947
 0.0902448
 0.0902398
 0.0899915
 0.0899876
 0.0891910
 0.0891812
 0.0891698
 0.0891614
 0.0886999
 0.0886996
 0.0884197
 0.0884190
 0.0880689
 0.0880646
 0.0867582
 0.0867571
 0.0858237
 0.0858232
 0.0848908
 0.0848892
 0.0846096
 0.0846082
 0.0843850
 0.0843834
 0.0843477
 0.0843471
 0.0839001
 0.0838964
 0.0838496
 0.0838475
 0.0833823
 0.0833822
 0.0830519
 0.0830469
 0.0826668
 0.0826486
 0.0823999
 0.0823992
 0.0814734
 0.0814724
 0.0812337
 0.0812286
 0.0810171
 0.0810165
 0.0809861
 0.0809847
 0.0807654
 0.0807642
 0.0806745
 0.0806690
 0.0805054
 0.0805001
 0.0797878
 0.0797855
 0.0797384
 0.0797332
 0.0796321
 0.0796290
 0.0795382
 0.0795328
 0.0794843
 0.0794794
 0.0794165
 0.0794093
 0.0790166
 0.0790083
 0.0783531
 0.0783517
 0.0782603
 0.0782586
 0.0781680
 0.0781677
 0.0780996
 0.0780899
 0.0780308
 0.0780190
 0.0777666
 0.0777659
 0.0776448
 0.0776440
 0.0773833
 0.0773818
 0.0772105
 0.0772038
 0.0771061
 0.0770971
 0.0764088
 0.0764084
 0.0760761
 0.0760707
 0.0750946
 0.0750790
 0.0749311
 0.0749266
 0.0748057
 0.0748020
 0.0747605
 0.0747587
 0.0745088
 0.0745079
 0.0741434
 0.0741409
 0.0740877
 0.0740818
 0.0738587
 0.0738563
 0.0731746
 0.0731582
 0.0726588
 0.0726542
 0.0721204
 0.0721192
 0.0720325
 0.0720283
 0.0720040
 0.0720017
 0.0718332
 0.0718323
 0.0715304
 0.0715299
 0.0713566
 0.0713565
 0.0712595
 0.0712583
 0.0711375
 0.0711091
 0.0708918
 0.0708864
 0.0705297
 0.0705271
 0.0696293
 0.0696264
 0.0695928
 0.0695891
 0.0694167
 0.0694143
 0.0690991
 0.0690981
 0.0689801
 0.0689749
 0.0689620
 0.0689618
 0.0688379
 0.0688349
 0.0687499
 0.0687487
 0.0684513
 0.0684493
 0.0679057
 0.0679051
 0.0675865
 0.0675842
 0.0674599
 0.0674596
 0.0674354
 0.0674347
 0.0672236
 0.0672217
 0.0671006
 0.0670976
 0.0670266
 0.0670249
 0.0668038
 0.0668025
 0.0666711
 0.0666678
 0.0664128
 0.0664118
 0.0663968
 0.0663941
 0.0662400
 0.0662382
 0.0659545
 0.0659536
 0.0657477
 0.0657463
 0.0655461
 0.0655403
 0.0655123
 0.0655050
 0.0651360
 0.0651212
 0.0650273
 0.0650266
 0.0649438
 0.0649433
 0.0648688
 0.0648662
 0.0648437
 0.0648409
 0.0637755
 0.0637723
 0.0633992
 0.0633946
 0.0632829
 0.0632822
 0.0632124
 0.0632119
 0.0629334
 0.0629328
 0.0625902
 0.0625879
 0.0624353
 0.0624345
 0.0621604
 0.0621570
 0.0618767
 0.0618755
 0.0618071
 0.0618022
 0.0615530
 0.0615488
 0.0614859
 0.0614821
 0.0611359
 0.0611355
 0.0608204
 0.0608203
 0.0602770
 0.0602656
 0.0601976
 0.0601941
 0.0601736
 0.0601707
 0.0600239
 0.0600081
 0.0595776
 0.0595766
 0.0591534
 0.0591511
 0.0590153
 0.0590135
 0.0590025
 0.0590020
 0.0590017
 0.0589921
 0.0586368
 0.0586336
 0.0585987
 0.0585969
 0.0584966
 0.0584939
 0.0579780
 0.0579762
 0.0578429
 0.0578388
 0.0573666
 0.0573632
 0.0573186
 0.0573132
 0.0571764
 0.0571762
 0.0571413
 0.0571365
 0.0567804
 0.0567801
 0.0564350
 0.0564345
 0.0562985
 0.0562932
 0.0560827
 0.0560821
 0.0560215
 0.0560212
 0.0559178
 0.0559146
 0.0558625
 0.0558601
 0.0554939
 0.0554931
 0.0552218
 0.0552196
 0.0551179
 0.0551177
 0.0550035
 0.0549986
 0.0549834
 0.0549820
 0.0548295
 0.0548277
 0.0547914
 0.0547880
 0.0547633
 0.0547626
 0.0547493
 0.0547477
 0.0545061
 0.0545051
 0.0544059
 0.0544047
 0.0542876
 0.0542863
 0.0541516
 0.0541512
 0.0541001
 0.0540992
 0.0540696
 0.0540691
 0.0539125
 0.0539123
 0.0538384
 0.0538334
 0.0535042
 0.0535029
 0.0532735
 0.0532700
 0.0525061
 0.0525015
 0.0519387
 0.0519317
 0.0519261
 0.0519258
 0.0516944
 0.0516938
 0.0515192
 0.0515177
 0.0514119
 0.0514058
 0.0513362
 0.0513329
 0.0512925
 0.0512914
 0.0511820
 0.0511812
 0.0511152
 0.0511143
 0.0509938
 0.0509936
 0.0508889
 0.0508879
 0.0507289
 0.0507254
 0.0506202
 0.0506150
 0.0502268
 0.0502266
 0.0501344
 0.0501316
 0.0499524
 0.0499509
 0.0498002
 0.0497994
 0.0497582
 0.0497564
 0.0495126
 0.0495112
 0.0490858
 0.0490847
 0.0489333
 0.0489310
 0.0488381
 0.0488360
 0.0488315
 0.0488298
 0.0487278
 0.0487263
 0.0485529
 0.0485508
 0.0484173
 0.0484144
 0.0482559
 0.0482543
 0.0479961
 0.0479867
 0.0475280
 0.0475222
 0.0470180
 0.0470153
 0.0469547
 0.0469531
 0.0468139
 0.0468115
 0.0467928
 0.0467893
 0.0467078
 0.0467069
 0.0464059
 0.0464045
 0.0461302
 0.0461300
 0.0459299
 0.0459284
 0.0457705
 0.0457656
 0.0456657
 0.0456627
 0.0453707
 0.0453697
 0.0451477
 0.0451461
 0.0445637
 0.0445622
 0.0444206
 0.0444198
 0.0442708
 0.0442702
 0.0441977
 0.0441957
 0.0436822
 0.0436732
 0.0435100
 0.0434986
 0.0434496
 0.0434394
 0.0433222
 0.0433216
 0.0432655
 0.0432615
 0.0431339
 0.0431306
 0.0429843
 0.0429761
 0.0427576
 0.0427551
 0.0426180
 0.0426142
 0.0423938
 0.0423935
 0.0422847
 0.0422823
 0.0419478
 0.0419476
 0.0418507
 0.0418476
 0.0417132
 0.0417126
 0.0415487
 0.0415478
 0.0413324
 0.0413317
 0.0412781
 0.0412754
 0.0412350
 0.0412333
 0.0411996
 0.0411967
 0.0411844
 0.0411819
 0.0410920
 0.0410873
 0.0410230
 0.0410228
 0.0409837
 0.0409723
 0.0409710
 0.0409708
 0.0409471
 0.0409461
 0.0405441
 0.0405427
 0.0405384
 0.0405302
 0.0404518
 0.0404511
 0.0400706
 0.0400664
 0.0400563
 0.0400537
 0.0397661
 0.0397604
 0.0395897
 0.0395870
 0.0394057
 0.0394053
 0.0393025
 0.0393009
 0.0392966
 0.0392944
 0.0392660
 0.0392649
 0.0391438
 0.0391429
 0.0390752
 0.0390747
 0.0389078
 0.0389072
 0.0384551
 0.0384498
 0.0383166
 0.0383162
 0.0382835
 0.0382810
 0.0381363
 0.0381256
 0.0378463
 0.0378428
 0.0377751
 0.0377707
 0.0376886
 0.0376866
 0.0370540
 0.0370485
 0.0366877
 0.0366865
 0.0366523
 0.0366469
 0.0362135
 0.0362102
 0.0360601
 0.0360549
 0.0358983
 0.0358961
 0.0358927
 0.0358854
 0.0358159
 0.0358150
 0.0356510
 0.0356504
 0.0354807
 0.0354806
 0.0354191
 0.0354156
 0.0352716
 0.0352715
 0.0351136
 0.0351098
 0.0348296
 0.0348257
 0.0347343
 0.0347326
 0.0346896
 0.0346852
 0.0343945
 0.0343934
 0.0343751
 0.0343729
 0.0342261
 0.0342232
 0.0340989
 0.0340930
 0.0339342
 0.0339333
 0.0338713
 0.0338702
 0.0335056
 0.0335048
 0.0335026
 0.0335008
 0.0334278
 0.0334259
 0.0333300
 0.0333270
 0.0332348
 0.0332322
 0.0332310
 0.0332302
 0.0331946
 0.0331893
 0.0329533
 0.0329510
 0.0328538
 0.0328537
 0.0327818
 0.0327742
 0.0326625
 0.0326553
 0.0326151
 0.0326140
 0.0321493
 0.0321463
 0.0320736
 0.0320731
 0.0319933
 0.0319927
 0.0318967
 0.0318962
 0.0317997
 0.0317987
 0.0317684
 0.0317634
 0.0316021
 0.0315971
 0.0315591
 0.0315574
 0.0314775
 0.0314767
 0.0313281
 0.0313279
 0.0311673
 0.0311643
 0.0311395
 0.0311376
 0.0310886
 0.0310873
 0.0310488
 0.0310482
 0.0309211
 0.0309205
 0.0308247
 0.0308229
 0.0303215
 0.0303203
 0.0303165
 0.0303162
 0.0302053
 0.0302037
 0.0298770
 0.0298765
 0.0296102
 0.0296092
 0.0295000
 0.0294997
 0.0294340
 0.0294335
 0.0291548
 0.0291510
 0.0291402
 0.0291367
 0.0289580
 0.0289551
 0.0289493
 0.0289433
 0.0285207
 0.0285189
 0.0283975
 0.0283970
 0.0281909
 0.0281907
 0.0280728
 0.0280707
 0.0280235
 0.0280231
 0.0278459
 0.0278435
 0.0278159
 0.0278140
 0.0277665
 0.0277609
 0.0276196
 0.0276182
 0.0275882
 0.0275870
 0.0274169
 0.0274120
 0.0273718
 0.0273715
 0.0272830
 0.0272814
 0.0272310
 0.0272255
 0.0270590
 0.0270563
 0.0269792
 0.0269768
 0.0268033
 0.0267885
 0.0267665
 0.0267663
 0.0267074
 0.0267030
 0.0265803
 0.0265789
 0.0265253
 0.0265221
 0.0264464
 0.0264449
 0.0263852
 0.0263782
 0.0262020
 0.0261992
 0.0261128
 0.0261108
 0.0261016
 0.0260979
 0.0260569
 0.0260522
 0.0259231
 0.0259134
 0.0258971
 0.0258937
 0.0257046
 0.0257045
 0.0248753
 0.0248736
 0.0245807
 0.0245798
 0.0244667
 0.0244659
 0.0241327
 0.0241323
 0.0239999
 0.0239922
 0.0238337
 0.0238313
 0.0235925
 0.0235911
 0.0235102
 0.0235100
 0.0234368
 0.0234329
 0.0231537
 0.0231533
 0.0229572
 0.0229546
 0.0227888
 0.0227877
 0.0226705
 0.0226612
 0.0225101
 0.0225087
 0.0224973
 0.0224956
 0.0220849
 0.0220837
 0.0220014
 0.0220010
 0.0218872
 0.0218857
 0.0215986
 0.0215984
 0.0215719
 0.0215716
 0.0212595
 0.0212576
 0.0211899
 0.0211886
 0.0211143
 0.0211137
 0.0211061
 0.0211060
 0.0210009
 0.0210002
 0.0209490
 0.0209466
 0.0209173
 0.0209141
 0.0208633
 0.0208572
 0.0208364
 0.0208357
 0.0207963
 0.0207952
 0.0207617
 0.0207613
 0.0207183
 0.0207155
 0.0207033
 0.0207021
 0.0204044
 0.0203965
 0.0203092
 0.0203005
 0.0200497
 0.0200445
 0.0200272
 0.0200253
 0.0198918
 0.0198904
 0.0197344
 0.0197340
 0.0196062
 0.0196011
 0.0195471
 0.0195466
 0.0194836
 0.0194814
 0.0194137
 0.0194132
 0.0193853
 0.0193844
 0.0191957
 0.0191948
 0.0191069
 0.0191058
 0.0186663
 0.0186655
 0.0186147
 0.0186120
 0.0185990
 0.0185953
 0.0184744
 0.0184739
 0.0182717
 0.0182644
 0.0182326
 0.0182254
 0.0181836
 0.0181829
 0.0180910
 0.0180830
 0.0177237
 0.0177229
 0.0176084
 0.0176063
 0.0174546
 0.0174502
 0.0173969
 0.0173920
 0.0172714
 0.0172697
 0.0171617
 0.0171616
 0.0171218
 0.0171136
 0.0170804
 0.0170794
 0.0170384
 0.0170338
 0.0169389
 0.0169340
 0.0169261
 0.0169247
 0.0167971
 0.0167954
 0.0167756
 0.0167720
 0.0163736
 0.0163706
 0.0162433
 0.0162420
 0.0160756
 0.0160740
 0.0159150
 0.0159132
 0.0158974
 0.0158954
 0.0158800
 0.0158781
 0.0157507
 0.0157439
 0.0156491
 0.0156442
 0.0155935
 0.0155880
 0.0155812
 0.0155809
 0.0154677
 0.0154672
 0.0154326
 0.0154313
 0.0154008
 0.0154006
 0.0152602
 0.0152588
 0.0151758
 0.0151751
 0.0151555
 0.0151546
 0.0148817
 0.0148780
 0.0146119
 0.0146116
 0.0146078
 0.0146075
 0.0144940
 0.0144842
 0.0142680
 0.0142608
 0.0142243
 0.0142192
 0.0139568
 0.0139558
 0.0139408
 0.0139396
 0.0139006
 0.0139005
 0.0135063
 0.0135005
 0.0131387
 0.0131382
 0.0129960
 0.0129945
 0.0127682
 0.0127679
 0.0125699
 0.0125678
 0.0124724
 0.0124720
 0.0124667
 0.0124657
 0.0123480
 0.0123412
 0.0123318
 0.0123307
 0.0121174
 0.0121149
 0.0121122
 0.0120977
 0.0120963
 0.0119385
 0.0119372
 0.0119164
 0.0119120
 0.0118359
 0.0118292
 0.0115616
 0.0115586
 0.0115355
 0.0115340
 0.0110248
 0.0110247
 0.0109240
 0.0109207
 0.0108585
 0.0108581
 0.0107979
 0.0107968
 0.0107967
 0.0107935
 0.0107855
 0.0107827
 0.0106370
 0.0106352
 0.0105428
 0.0105422
 0.0105291
 0.0105288
 0.0103295
 0.0103292
 0.0102899
 0.0102889
 0.0102475
 0.0102460
 0.0101419
 0.0101363
 0.0099910
 0.0099828
 0.0099658
 0.0099618
 0.0098583
 0.0098570
 0.0098102
 0.0098067
 0.0097837
 0.0097826
 0.0096739
 0.0096689
 0.0096510
 0.0096448
 0.0095972
 0.0095950
 0.0092264
 0.0092255
 0.0090898
 0.0090895
 0.0090352
 0.0090331
 0.0089693
 0.0089683
 0.0089672
 0.0089633
 0.0088237
 0.0088215
 0.0085674
 0.0085663
 0.0084801
 0.0084795
 0.0084497
 0.0084484
 0.0083305
 0.0083285
 0.0083028
 0.0083004
 0.0081982
 0.0081948
 0.0081449
 0.0081412
 0.0080976
 0.0080931
 0.0079092
 0.0079079
 0.0076713
 0.0076690
 0.0075022
 0.0075012
 0.0073359
 0.0073346
 0.0072982
 0.0072907
 0.0072827
 0.0072786
 0.0072717
 0.0072716
 0.0069712
 0.0069690
 0.0067285
 0.0067280
 0.0065974
 0.0065935
 0.0065769
 0.0065702
 0.0065320
 0.0065277
 0.0065050
 0.0065032
 0.0060346
 0.0060336
 0.0060164
 0.0060140
 0.0057855
 0.0057853
 0.0057192
 0.0057191
 0.0056856
 0.0056825
 0.0056199
 0.0056183
 0.0053257
 0.0053239
 0.0051200
 0.0051140
 0.0049973
 0.0049970
 0.0048783
 0.0048752
 0.0048567
 0.0048558
 0.0046543
 0.0046529
 0.0044936
 0.0044921
 0.0044762
 0.0044741
 0.0044646
 0.0044588
 0.0044224
 0.0044205
 0.0044053
 0.0044047
 0.0043917
 0.0043912
 0.0043307
 0.0043220
 0.0042953
 0.0042931
 0.0037814
 0.0037739
 0.0034916
 0.0034895
 0.0033139
 0.0033018
 0.0031075
 0.0030997
 0.0026761
 0.0026753
 0.0024507
 0.0024486
 0.0024326
 0.0024315
 0.0021977
 0.0021973
 0.0021897
 0.0021893
 0.0020647
 0.0020627
 0.0018668
 0.0018660
 0.0017747
 0.0017720
 0.0016463
 0.0016442
 0.0010749
 0.0010732
 0.0006501
 0.0006365
 0.0005117
 0.0005040
 0.0003383
 0.0003360
 0.0002044
 0.0002040
 0.0001560
 0.0001525
 0.0000729
 0.0000565
 0.0000286
 0.0000276
 0.0000079
 0.0000070
-0.0001700
-0.0001715
-0.0002148
-0.0002165
-0.0003301
-0.0003309
-0.0008136
-0.0008143
-0.0009757
-0.0009763
-0.0009888
-0.0009891
-0.0010588
-0.0010603
-0.0011858
-0.0011880
-0.0012397
-0.0012423
-0.0013044
-0.0013056
-0.0013654
-0.0013702
-0.0015316
-0.0015329
-0.0016917
-0.0016919
-0.0019458
-0.0019535
-0.0021733
-0.0021737
-0.0022464
-0.0022484
-0.0024445
-0.0024471
-0.0024975
-0.0025005
-0.0026055
-0.0026056
-0.0029714
-0.0029746
-0.0029797
-0.0029811
-0.0031602
-0.0031687
-0.0031893
-0.0031949
-0.0031971
-0.0031997
-0.0032457
-0.0032478
-0.0032783
-0.0032803
-0.0033627
-0.0033671
-0.0037727
-0.0037749
-0.0037787
-0.0037791
-0.0038779
-0.0038782
-0.0039634
-0.0039690
-0.0039770
-0.0039807
-0.0040547
-0.0040568
-0.0041308
-0.0041349
-0.0045624
-0.0045637
-0.0045649
-0.0045656
-0.0045733
-0.0045734
-0.0046699
-0.0046779
-0.0047947
-0.0047987
-0.0048102
-0.0048104
-0.0048592
-0.0048614
-0.0050881
-0.0050930
-0.0051795
-0.0051803
-0.0054810
-0.0054830
-0.0055233
-0.0055239
-0.0055427
-0.0055503
-0.0056222
-0.0056233
-0.0058455
-0.0058485
-0.0062043
-0.0062087
-0.0064790
-0.0064819
-0.0065950
-0.0065997
-0.0066938
-0.0066968
-0.0067724
-0.0067735
-0.0067979
-0.0067996
-0.0068843
-0.0068870
-0.0069135
-0.0069181
-0.0070791
-0.0070807
-0.0070991
-0.0071004
-0.0071839
-0.0071868
-0.0072479
-0.0072533
-0.0073086
-0.0073092
-0.0076196
-0.0076212
-0.0076593
-0.0076604
-0.0076679
-0.0076687
-0.0076761
-0.0076783
-0.0077386
-0.0077406
-0.0078372
-0.0078411
-0.0083301
-0.0083359
-0.0087539
-0.0087609
-0.0088420
-0.0088443
-0.0090168
-0.0090199
-0.0090242
-0.0090244
-0.0092783
-0.0092788
-0.0093035
-0.0093037
-0.0094346
-0.0094356
-0.0094892
-0.0094899
-0.0096023
-0.0096041
-0.0096172
-0.0096193
-0.0097093
-0.0097114
-0.0097306
-0.0097315
-0.0097616
-0.0097623
-0.0101143
-0.0101247
-0.0102971
-0.0102983
-0.0104462
-0.0104499
-0.0104506
-0.0104545
-0.0104599
-0.0104612
-0.0106739
-0.0106749
-0.0107220
-0.0107222
-0.0108102
-0.0108120
-0.0108859
-0.0108898
-0.0109034
-0.0109046
-0.0110151
-0.0110152
-0.0110601
-0.0110609
-0.0112389
-0.0112391
-0.0113649
-0.0113690
-0.0121437
-0.0121466
-0.0121950
-0.0121997
-0.0127445
-0.0127453
-0.0130734
-0.0130790
-0.0130817
-0.0130834
-0.0132427
-0.0132462
-0.0135202
-0.0135224
-0.0136046
-0.0136057
-0.0138960
-0.0138967
-0.0139544
-0.0139583
-0.0141262
-0.0141284
-0.0142000
-0.0142019
-0.0143405
-0.0143414
-0.0144135
-0.0144152
-0.0149063
-0.0149085
-0.0151111
-0.0151118
-0.0152925
-0.0152944
-0.0153356
-0.0153369
-0.0155690
-0.0155701
-0.0156133
-0.0156180
-0.0156484
-0.0156507
-0.0156716
-0.0156751
-0.0156987
-0.0157028
-0.0157995
-0.0157998
-0.0158616
-0.0158666
-0.0159328
-0.0159341
-0.0162712
-0.0162734
-0.0165190
-0.0165225
-0.0166476
-0.0166501
-0.0167477
-0.0167492
-0.0171248
-0.0171250
-0.0171310
-0.0171331
-0.0178097
-0.0178127
-0.0178557
-0.0178560
-0.0181394
-0.0181434
-0.0181698
-0.0181703
-0.0182118
-0.0182138
-0.0182324
-0.0182340
-0.0183605
-0.0183652
-0.0188400
-0.0188416
-0.0190161
-0.0190167
-0.0192765
-0.0192789
-0.0193325
-0.0193339
-0.0198310
-0.0198319
-0.0199461
-0.0199483
-0.0199845
-0.0199890
-0.0202846
-0.0202851
-0.0204060
-0.0204072
-0.0204625
-0.0204646
-0.0204856
-0.0204895
-0.0205509
-0.0205555
-0.0205604
-0.0205665
-0.0207472
-0.0207477
-0.0208145
-0.0208202
-0.0211286
-0.0211289
-0.0212909
-0.0212918
-0.0219568
-0.0219615
-0.0220222
-0.0220243
-0.0221077
-0.0221126
-0.0221616
-0.0221628
-0.0222186
-0.0222191
-0.0222525
-0.0222701
-0.0225081
-0.0225110
-0.0234238
-0.0234250
-0.0235457
-0.0235479
-0.0236278
-0.0236366
-0.0246164
-0.0246226
-0.0249961
-0.0249998
-0.0250303
-0.0250320
-0.0250878
-0.0250970
-0.0251070
-0.0251073
-0.0252672
-0.0252678
-0.0254994
-0.0255004
-0.0255739
-0.0255754
-0.0255770
-0.0255775
-0.0257727
-0.0257754
-0.0258897
-0.0258914
-0.0258977
-0.0258989
-0.0259132
-0.0259137
-0.0261064
-0.0261077
-0.0268524
-0.0268638
-0.0270369
-0.0270382
-0.0271763
-0.0271792
-0.0276528
-0.0276567
-0.0278384
-0.0278412
-0.0278532
-0.0278544
-0.0279880
-0.0279902
-0.0282360
-0.0282425
-0.0282577
-0.0282591
-0.0283290
-0.0283291
-0.0283888
-0.0283937
-0.0283981
-0.0284061
-0.0284126
-0.0284163
-0.0286635
-0.0286677
-0.0287406
-0.0287408
-0.0291230
-0.0291243
-0.0297371
-0.0297397
-0.0300344
-0.0300357
-0.0303797
-0.0303847
-0.0305542
-0.0305564
-0.0305974
-0.0305994
-0.0308081
-0.0308086
-0.0308536
-0.0308581
-0.0310976
-0.0311031
-0.0312349
-0.0312367
-0.0313177
-0.0313180
-0.0316852
-0.0316910
-0.0318791
-0.0318834
-0.0321335
-0.0321374
-0.0322617
-0.0322618
-0.0326028
-0.0326091
-0.0330220
-0.0330256
-0.0335248
-0.0335310
-0.0339841
-0.0340049
-0.0342913
-0.0342961
-0.0343722
-0.0343748
-0.0350441
-0.0350500
-0.0350613
-0.0350654
-0.0359059
-0.0359061
-0.0363138
-0.0363167
-0.0363619
-0.0363676
-0.0368010
-0.0368017
-0.0368290
-0.0368381
-0.0371294
-0.0371319
-0.0371586
-0.0371595
-0.0376683
-0.0376702
-0.0377501
-0.0377574
-0.0380220
-0.0380432
-0.0383176
-0.0383240
-0.0387123
-0.0387137
-0.0390189
-0.0390260
-0.0394084
-0.0394085
-0.0397339
-0.0397356
-0.0402371
-0.0402395
-0.0407640
-0.0407834
-0.0408123
-0.0408176
-0.0413665
-0.0413731
-0.0415964
-0.0415972
-0.0416518
-0.0416542
-0.0418001
-0.0418059
-0.0418234
-0.0418236
-0.0419196
-0.0419239
-0.0424317
-0.0424349
-0.0425567
-0.0425666
-0.0429262
-0.0429274
-0.0442151
-0.0442155
-0.0442791
-0.0442819
-0.0443354
-0.0443420
-0.0443524
-0.0443547
-0.0445234
-0.0445249
-0.0445440
-0.0445495
-0.0447960
-0.0447976
-0.0451355
-0.0451378
-0.0451701
-0.0451803
-0.0454470
-0.0454483
-0.0459955
-0.0459981
-0.0460670
-0.0460731
-0.0468861
-0.0468863
-0.0470654
-0.0470694
-0.0471206
-0.0471224
-0.0471874
-0.0471998
-0.0475154
-0.0475176
-0.0481287
-0.0481291
-0.0492673
-0.0492744
-0.0517865
-0.0517979
-0.0521216
-0.0521263
-0.0529386
-0.0529400
-0.0533078
-0.0533164
-0.0550585
-0.0550634
-0.0556296
-0.0556301
-0.0557427
-0.0557484
-0.0557967
-0.0558084
-0.0573061
-0.0573070
-0.0594481
-0.0594615
-0.0608879
-0.0608965
-0.0638126
-0.0638280
-0.0639601
-0.0639620
-0.0646537
-0.0646603
-0.0647194
-0.0647241
-0.0672040
-0.0672045
-0.0678177
-0.0678216
-0.0687570
-0.0687605
-0.0689360
-0.0689378
-0.0690363
-0.0690541
-0.0706162
-0.0706198
-0.0714897
-0.0714923
-0.0720050
-0.0720167
-0.0732147
-0.0732215
-0.0759890
-0.0760018
-0.0764250
-0.0764324
-0.0769005
-0.0769211
-0.0775758
-0.0775794
-0.0790187
-0.0790363
-0.0796539
-0.0796578
-0.0813407
-0.0813515
-0.0815317
-0.0815501
-0.0877096
-0.0877196
-0.0945633
-0.0945690
-0.0975732
-0.0975943
-0.0998544
-0.0998976
-0.1032561
-0.1032642
-0.2243710
