 0.0000000
 0.0000000
 0.0000000
 0.0000000
 0.0000000
 0.0000000
 0.0000000
 0.0000000
 0.0000000
 0.0000000
 0.0000000
 0.0000000
 0.0000000
 0.0000000
 0.0000000
 0.0000000
 0.0000000
 0.0000000
 0.0000000
 0.0000000
 0.0000000
 0.0000000
 0.0000000
 0.0000000
 0.0000000
 0.0000000
 0.0000000
 0.0000000
 0.0000000
 0.0000000
 0.0000000
 0.0000000
 0.0000000
 0.0088702
 0.0088702
 0.0396825
 0.0396825
 0.0961718
 0.0971055
 0.1526611
 0.1549953
 0.1946779
 0.1974790
 0.2044818
 0.2044818
 0.2675070
 0.2731092
 0.3286648
 0.3286648
 0.3286648
 0.3305322
 0.3422035
 0.3445378
 0.3464052
 0.3543417
 0.3548086
 0.3562092
 0.3711485
 0.3748833
 0.3996265
 0.4098973
 0.4136321
 0.4220355
 0.4337068
 0.4416433
 0.4603175
 0.4640523
 0.4640523
 0.4687208
 0.4715219
 0.4789916
 0.4822596
 0.4981326
 0.5004669
 0.5037348
 0.5051354
 0.5051354
 0.5051354
 0.5084034
 0.5233427
 0.5630252
 0.5639589
 0.5929038
 0.5980392
 0.6003735
 0.6022409
 0.6050420
 0.6064426
 0.6083100
 0.6111111
 0.6377218
 0.6414566
 0.6447246
 0.6447246
 0.6517274
 0.6517274
 0.6610644
 0.6619981
 0.6783380
 0.6788049
 0.7268908
 0.7268908
 0.7282913
 0.7287582
 0.7450980
 0.7450980
 0.7577031
 0.7577031
 0.7810458
 0.7810458
 0.7857143
 0.7861811
 0.8510738
 0.8510738
 0.8655462
 0.8655462
 0.8865546
 0.8865546
 0.8893557
 0.8893557
 0.8935574
 0.8935574
 0.9066293
 0.9066293
 0.9126984
 0.9126984
 0.9136321
 0.9136321
 0.9192344
 0.9192344
 0.9197012
 0.9197012
 0.9197012
 0.9197012
 0.9309057
 0.9309057
 0.9337068
 0.9337068
 0.9360411
 0.9360411
 0.9360411
 0.9360411
 0.9365079
 0.9365079
 0.9369748
 0.9369748
 0.9374416
 0.9374416
 0.9379085
 0.9379085
 0.9388422
 0.9388422
 0.9397759
 0.9397759
 0.9421102
 0.9421102
 0.9439776
 0.9439776
 0.9458450
 0.9458450
 0.9481793
 0.9481793
 0.9481793
 0.9481793
 0.9519141
 0.9519141
 0.9519141
 0.9519141
 0.9523810
 0.9523810
 0.9523810
 0.9523810
 0.9523810
 0.9523810
 0.9537815
 0.9537815
 0.9537815
 0.9537815
 0.9542484
 0.9542484
 0.9542484
 0.9542484
 0.9547152
 0.9547152
 0.9547152
 0.9547152
 0.9551821
 0.9551821
 0.9551821
 0.9551821
 0.9561158
 0.9561158
 0.9565826
 0.9565826
 0.9570495
 0.9570495
 0.9575163
 0.9575163
 0.9579832
 0.9579832
 0.9589169
 0.9589169
 0.9603175
 0.9603175
 0.9603175
 0.9603175
 0.9603175
 0.9603175
 0.9603175
 0.9603175
 0.9607843
 0.9607843
 0.9617180
 0.9617180
 0.9621849
 0.9621849
 0.9626517
 0.9626517
 0.9626517
 0.9626517
 0.9631186
 0.9631186
 0.9635854
 0.9635854
 0.9645191
 0.9645191
 0.9645191
 0.9645191
 0.9668534
 0.9668534
 0.9673203
 0.9673203
 0.9673203
 0.9673203
 0.9673203
 0.9673203
 0.9673203
 0.9673203
 0.9673203
 0.9673203
 0.9673203
 0.9673203
 0.9673203
 0.9673203
 0.9673203
 0.9673203
 0.9687208
 0.9687208
 0.9687208
 0.9687208
 0.9691877
 0.9691877
 0.9691877
 0.9691877
 0.9691877
 0.9691877
 0.9696545
 0.9696545
 0.9696545
 0.9696545
 0.9696545
 0.9696545
 0.9705882
 0.9705882
 0.9724556
 0.9724556
 0.9724556
 0.9724556
 0.9729225
 0.9729225
 0.9729225
 0.9729225
 0.9729225
 0.9729225
 0.9733894
 0.9733894
 0.9747899
 0.9747899
 0.9747899
 0.9747899
 0.9752568
 0.9752568
 0.9752568
 0.9752568
 0.9752568
 0.9752568
 0.9752568
 0.9752568
 0.9766573
 0.9766573
 0.9766573
 0.9766573
 0.9766573
 0.9766573
 0.9771242
 0.9771242
 0.9775910
 0.9775910
 0.9785247
 0.9785247
 0.9785247
 0.9785247
 0.9794585
 0.9794585
 0.9794585
 0.9794585
 0.9794585
 0.9794585
 0.9794585
 0.9794585
 0.9794585
 0.9794585
 0.9794585
 0.9794585
 0.9794585
 0.9794585
 0.9799253
 0.9799253
 0.9822596
 0.9822596
 0.9827264
 0.9827264
 0.9827264
 0.9827264
 0.9831933
 0.9831933
 0.9831933
 0.9831933
 0.9831933
 0.9831933
 0.9836601
 0.9836601
 0.9836601
 0.9836601
 0.9836601
 0.9836601
 0.9836601
 0.9836601
 0.9841270
 0.9841270
 0.9841270
 0.9841270
 0.9841270
 0.9841270
 0.9841270
 0.9841270
 0.9841270
 0.9841270
 0.9841270
 0.9841270
 0.9841270
 0.9841270
 0.9841270
 0.9841270
 0.9841270
 0.9841270
 0.9841270
 0.9841270
 0.9841270
 0.9841270
 0.9841270
 0.9841270
 0.9841270
 0.9841270
 0.9841270
 0.9841270
 0.9841270
 0.9841270
 0.9841270
 0.9841270
 0.9841270
 0.9841270
 0.9845938
 0.9845938
 0.9845938
 0.9845938
 0.9845938
 0.9845938
 0.9845938
 0.9845938
 0.9845938
 0.9845938
 0.9864613
 0.9869281
 0.9869281
 0.9869281
 0.9869281
 0.9869281
 0.9873950
 0.9873950
 0.9873950
 0.9873950
 0.9873950
 0.9873950
 0.9873950
 0.9873950
 0.9878618
 0.9878618
 0.9878618
 0.9878618
 0.9883287
 0.9883287
 0.9883287
 0.9883287
 0.9883287
 0.9883287
 0.9883287
 0.9883287
 0.9883287
 0.9883287
 0.9883287
 0.9883287
 0.9883287
 0.9883287
 0.9883287
 0.9883287
 0.9883287
 0.9883287
 0.9883287
 0.9883287
 0.9887955
 0.9887955
 0.9887955
 0.9887955
 0.9887955
 0.9887955
 0.9887955
 0.9887955
 0.9887955
 0.9887955
 0.9887955
 0.9887955
 0.9887955
 0.9887955
 0.9887955
 0.9887955
 0.9887955
 0.9887955
 0.9887955
 0.9887955
 0.9897292
 0.9897292
 0.9897292
 0.9897292
 0.9897292
 0.9897292
 0.9901961
 0.9901961
 0.9901961
 0.9901961
 0.9901961
 0.9901961
 0.9901961
 0.9901961
 0.9901961
 0.9901961
 0.9901961
 0.9901961
 0.9901961
 0.9901961
 0.9901961
 0.9901961
 0.9901961
 0.9901961
 0.9901961
 0.9901961
 0.9901961
 0.9901961
 0.9901961
 0.9901961
 0.9901961
 0.9901961
 0.9901961
 0.9906629
 0.9906629
 0.9906629
 0.9906629
 0.9906629
 0.9906629
 0.9906629
 0.9906629
 0.9906629
 0.9906629
 0.9906629
 0.9906629
 0.9906629
 0.9906629
 0.9906629
 0.9906629
 0.9906629
 0.9906629
 0.9906629
 0.9906629
 0.9906629
 0.9906629
 0.9906629
 0.9911298
 0.9911298
 0.9911298
 0.9911298
 0.9915966
 0.9915966
 0.9915966
 0.9915966
 0.9915966
 0.9915966
 0.9915966
 0.9915966
 0.9915966
 0.9915966
 0.9915966
 0.9915966
 0.9915966
 0.9915966
 0.9915966
 0.9915966
 0.9915966
 0.9915966
 0.9920635
 0.9920635
 0.9920635
 0.9920635
 0.9920635
 0.9920635
 0.9920635
 0.9920635
 0.9920635
 0.9920635
 0.9920635
 0.9920635
 0.9920635
 0.9920635
 0.9920635
 0.9920635
 0.9920635
 0.9920635
 0.9920635
 0.9920635
 0.9920635
 0.9920635
 0.9920635
 0.9920635
 0.9920635
 0.9920635
 0.9925303
 0.9925303
 0.9925303
 0.9925303
 0.9925303
 0.9925303
 0.9925303
 0.9925303
 0.9925303
 0.9925303
 0.9925303
 0.9925303
 0.9925303
 0.9925303
 0.9925303
 0.9925303
 0.9925303
 0.9925303
 0.9925303
 0.9925303
 0.9925303
 0.9925303
 0.9925303
 0.9925303
 0.9925303
 0.9925303
 0.9925303
 0.9925303
 0.9925303
 0.9925303
 0.9925303
 0.9925303
 0.9925303
 0.9925303
 0.9925303
 0.9925303
 0.9925303
 0.9925303
 0.9925303
 0.9925303
 0.9925303
 0.9925303
 0.9925303
 0.9925303
 0.9925303
 0.9925303
 0.9925303
 0.9925303
 0.9925303
 0.9925303
 0.9929972
 0.9929972
 0.9929972
 0.9929972
 0.9929972
 0.9929972
 0.9929972
 0.9929972
 0.9934641
 0.9934641
 0.9939309
 0.9939309
 0.9939309
 0.9939309
 0.9939309
 0.9939309
 0.9939309
 0.9939309
 0.9939309
 0.9939309
 0.9939309
 0.9939309
 0.9939309
 0.9939309
 0.9939309
 0.9939309
 0.9939309
 0.9939309
 0.9939309
 0.9939309
 0.9939309
 0.9939309
 0.9939309
 0.9939309
 0.9939309
 0.9939309
 0.9939309
 0.9939309
 0.9939309
 0.9939309
 0.9939309
 0.9939309
 0.9939309
 0.9939309
 0.9939309
 0.9939309
 0.9939309
 0.9939309
 0.9939309
 0.9939309
 0.9939309
 0.9939309
 0.9939309
 0.9939309
 0.9939309
 0.9939309
 0.9939309
 0.9939309
 0.9939309
 0.9939309
 0.9939309
 0.9939309
 0.9943978
 0.9943978
 0.9943978
 0.9943978
 0.9943978
 0.9943978
 0.9943978
 0.9943978
 0.9943978
 0.9943978
 0.9943978
 0.9943978
 0.9943978
 0.9943978
 0.9943978
 0.9943978
 0.9943978
 0.9943978
 0.9943978
 0.9943978
 0.9943978
 0.9943978
 0.9943978
 0.9943978
 0.9943978
 0.9943978
 0.9943978
 0.9943978
 0.9943978
 0.9943978
 0.9943978
 0.9943978
 0.9943978
 0.9943978
 0.9943978
 0.9943978
 0.9943978
 0.9943978
 0.9943978
 0.9943978
 0.9943978
 0.9943978
 0.9943978
 0.9943978
 0.9943978
 0.9943978
 0.9943978
 0.9943978
 0.9948646
 0.9948646
 0.9948646
 0.9948646
 0.9948646
 0.9948646
 0.9948646
 0.9948646
 0.9948646
 0.9948646
 0.9948646
 0.9948646
 0.9948646
 0.9948646
 0.9953315
 0.9953315
 0.9953315
 0.9953315
 0.9953315
 0.9953315
 0.9953315
 0.9953315
 0.9953315
 0.9953315
 0.9953315
 0.9953315
 0.9953315
 0.9953315
 0.9953315
 0.9953315
 0.9957983
 0.9957983
 0.9957983
 0.9957983
 0.9957983
 0.9957983
 0.9957983
 0.9957983
 0.9957983
 0.9957983
 0.9957983
 0.9957983
 0.9957983
 0.9957983
 0.9957983
 0.9957983
 0.9957983
 0.9957983
 0.9957983
 0.9957983
 0.9957983
 0.9957983
 0.9957983
 0.9957983
 0.9957983
 0.9957983
 0.9957983
 0.9957983
 0.9957983
 0.9957983
 0.9957983
 0.9957983
 0.9957983
 0.9957983
 0.9957983
 0.9957983
 0.9957983
 0.9957983
 0.9957983
 0.9957983
 0.9957983
 0.9957983
 0.9957983
 0.9957983
 0.9957983
 0.9957983
 0.9957983
 0.9957983
 0.9957983
 0.9957983
 0.9957983
 0.9957983
 0.9957983
 0.9957983
 0.9962652
 0.9962652
 0.9962652
 0.9962652
 0.9962652
 0.9962652
 0.9962652
 0.9962652
 0.9962652
 0.9962652
 0.9967320
 0.9967320
 0.9967320
 0.9967320
 0.9967320
 0.9967320
 0.9967320
 0.9967320
 0.9967320
 0.9967320
 0.9967320
 0.9967320
 0.9967320
 0.9967320
 0.9967320
 0.9967320
 0.9967320
 0.9967320
 0.9971989
 0.9971989
 0.9971989
 0.9971989
 0.9971989
 0.9971989
 0.9971989
 0.9971989
 0.9971989
 0.9971989
 0.9971989
 0.9971989
 0.9971989
 0.9971989
 0.9971989
 0.9971989
 0.9971989
 0.9971989
 0.9971989
 0.9971989
 0.9971989
 0.9971989
 0.9971989
 0.9971989
 0.9971989
 0.9971989
 0.9971989
 0.9971989
 0.9971989
 0.9971989
 0.9971989
 0.9971989
 0.9971989
 0.9971989
 0.9971989
 0.9971989
 0.9971989
 0.9971989
 0.9971989
 0.9971989
 0.9971989
 0.9971989
 0.9971989
 0.9971989
 0.9971989
 0.9971989
 0.9971989
 0.9971989
 0.9971989
 0.9971989
 0.9971989
 0.9971989
 0.9971989
 0.9971989
 0.9971989
 0.9971989
 0.9971989
 0.9971989
 0.9971989
 0.9971989
 0.9971989
 0.9971989
 0.9971989
 0.9971989
 0.9971989
 0.9971989
 0.9971989
 0.9971989
 0.9971989
 0.9971989
 0.9971989
 0.9971989
 0.9971989
 0.9971989
 0.9971989
 0.9971989
 0.9971989
 0.9971989
 0.9971989
 0.9971989
 0.9971989
 0.9971989
 0.9971989
 0.9971989
 0.9971989
 0.9971989
 0.9971989
 0.9971989
 0.9971989
 0.9971989
 0.9971989
 0.9971989
 0.9971989
 0.9971989
 0.9971989
 0.9971989
 0.9971989
 0.9971989
 0.9971989
 0.9971989
 0.9971989
 0.9971989
 0.9971989
 0.9971989
 0.9971989
 0.9971989
 0.9971989
 0.9971989
 0.9976657
 0.9976657
 0.9976657
 0.9976657
 0.9976657
 0.9976657
 0.9976657
 0.9976657
 0.9976657
 0.9976657
 0.9976657
 0.9976657
 0.9976657
 0.9976657
 0.9976657
 0.9976657
 0.9976657
 0.9976657
 0.9976657
 0.9976657
 0.9976657
 0.9976657
 0.9976657
 0.9976657
 0.9976657
 0.9976657
 0.9976657
 0.9976657
 0.9976657
 0.9976657
 0.9976657
 0.9976657
 0.9976657
 0.9976657
 0.9976657
 0.9976657
 0.9976657
 0.9976657
 0.9976657
 0.9976657
 0.9981326
 0.9981326
 0.9981326
 0.9981326
 0.9981326
 0.9981326
 0.9981326
 0.9981326
 0.9981326
 0.9981326
 0.9981326
 0.9981326
 0.9981326
 0.9981326
 0.9981326
 0.9981326
 0.9981326
 0.9981326
 0.9981326
 0.9981326
 0.9981326
 0.9981326
 0.9981326
 0.9981326
 0.9981326
 0.9981326
 0.9981326
 0.9981326
 0.9981326
 0.9981326
 0.9981326
 0.9981326
 0.9981326
 0.9981326
 0.9981326
 0.9981326
 0.9981326
 0.9981326
 0.9981326
 0.9981326
 0.9981326
 0.9981326
 0.9981326
 0.9981326
 0.9981326
 0.9981326
 0.9981326
 0.9981326
 0.9981326
 0.9981326
 0.9981326
 0.9981326
 0.9981326
 0.9981326
 0.9981326
 0.9981326
 0.9981326
 0.9981326
 0.9981326
 0.9981326
 0.9981326
 0.9981326
 0.9981326
 0.9981326
 0.9981326
 0.9981326
 0.9981326
 0.9981326
 0.9981326
 0.9981326
 0.9981326
 0.9981326
 0.9981326
 0.9981326
 0.9981326
 0.9981326
 0.9981326
 0.9981326
 0.9981326
 0.9981326
 0.9981326
 0.9981326
 0.9981326
 0.9981326
 0.9981326
 0.9981326
 0.9981326
 0.9981326
 0.9981326
 0.9981326
 0.9981326
 0.9981326
 0.9981326
 0.9981326
 0.9981326
 0.9981326
 0.9981326
 0.9981326
 0.9981326
 0.9981326
 0.9981326
 0.9981326
 0.9981326
 0.9981326
 0.9981326
 0.9981326
 0.9981326
 0.9981326
 0.9981326
 0.9981326
 0.9981326
 0.9981326
 0.9981326
 0.9981326
 0.9981326
 0.9981326
 0.9981326
 0.9981326
 0.9981326
 0.9981326
 0.9981326
 0.9981326
 0.9981326
 0.9981326
 0.9981326
 0.9981326
 0.9985994
 0.9985994
 0.9985994
 0.9985994
 0.9985994
 0.9985994
 0.9985994
 0.9985994
 0.9985994
 0.9985994
 0.9985994
 0.9985994
 0.9985994
 0.9985994
 0.9985994
 0.9985994
 0.9985994
 0.9985994
 0.9985994
 0.9985994
 0.9985994
 0.9985994
 0.9985994
 0.9985994
 0.9985994
 0.9985994
 0.9985994
 0.9985994
 0.9985994
 0.9985994
 0.9985994
 0.9985994
 0.9985994
 0.9985994
 0.9985994
 0.9985994
 0.9985994
 0.9985994
 0.9985994
 0.9985994
 0.9985994
 0.9985994
 0.9985994
 0.9985994
 0.9985994
 0.9985994
 0.9985994
 0.9985994
 0.9985994
 0.9985994
 0.9985994
 0.9985994
 0.9985994
 0.9985994
 0.9985994
 0.9985994
 0.9985994
 0.9985994
 0.9985994
 0.9985994
 0.9985994
 0.9985994
 0.9985994
 0.9985994
 0.9985994
 0.9985994
 0.9985994
 0.9985994
 0.9985994
 0.9985994
 0.9985994
 0.9985994
 0.9985994
 0.9985994
 0.9985994
 0.9985994
 0.9985994
 0.9985994
 0.9985994
 0.9985994
 0.9985994
 0.9985994
 0.9985994
 0.9985994
 0.9985994
 0.9985994
 0.9985994
 0.9985994
 0.9985994
 0.9985994
 0.9985994
 0.9985994
 0.9985994
 0.9985994
 0.9985994
 0.9985994
 0.9985994
 0.9985994
 0.9985994
 0.9985994
 0.9985994
 0.9985994
 0.9985994
 0.9985994
 0.9985994
 0.9985994
 0.9985994
 0.9985994
 0.9985994
 0.9985994
 0.9985994
 0.9985994
 0.9985994
 0.9985994
 0.9985994
 0.9985994
 0.9985994
 0.9985994
 0.9985994
 0.9985994
 0.9985994
 0.9985994
 0.9985994
 0.9985994
 0.9985994
 0.9985994
 0.9985994
 0.9985994
 0.9985994
 0.9985994
 0.9985994
 0.9985994
 0.9985994
 0.9985994
 0.9985994
 0.9985994
 0.9985994
 0.9985994
 0.9985994
 0.9985994
 0.9985994
 0.9985994
 0.9985994
 0.9985994
 0.9985994
 0.9985994
 0.9985994
 0.9985994
 0.9985994
 0.9985994
 0.9985994
 0.9985994
 0.9985994
 0.9985994
 0.9985994
 0.9985994
 0.9985994
 0.9985994
 0.9985994
 0.9985994
 0.9985994
 0.9985994
 0.9985994
 0.9985994
 0.9985994
 0.9985994
 0.9985994
 0.9985994
 0.9985994
 0.9985994
 0.9985994
 0.9985994
 0.9985994
 0.9985994
 0.9985994
 0.9985994
 0.9985994
 0.9985994
 0.9985994
 0.9985994
 0.9985994
 0.9985994
 0.9990663
 0.9990663
 0.9995331
 0.9995331
 0.9995331
 0.9995331
 0.9995331
 0.9995331
 0.9995331
 0.9995331
 0.9995331
 0.9995331
 0.9995331
 0.9995331
 0.9995331
 0.9995331
 0.9995331
 0.9995331
 0.9995331
 0.9995331
 0.9995331
 0.9995331
 0.9995331
 0.9995331
 0.9995331
 0.9995331
 0.9995331
 0.9995331
 0.9995331
 0.9995331
 0.9995331
 0.9995331
 0.9995331
 0.9995331
 0.9995331
 0.9995331
 0.9995331
 0.9995331
 0.9995331
 0.9995331
 0.9995331
 0.9995331
 0.9995331
 0.9995331
 0.9995331
 0.9995331
 0.9995331
 0.9995331
 0.9995331
 0.9995331
 0.9995331
 0.9995331
 0.9995331
 0.9995331
 0.9995331
 0.9995331
 0.9995331
 0.9995331
 0.9995331
 0.9995331
 0.9995331
 0.9995331
 0.9995331
 0.9995331
 0.9995331
 0.9995331
 0.9995331
 0.9995331
 0.9995331
 0.9995331
 0.9995331
 0.9995331
 0.9995331
 0.9995331
 0.9995331
 0.9995331
 0.9995331
 0.9995331
 0.9995331
 0.9995331
 0.9995331
 0.9995331
 0.9995331
 0.9995331
 0.9995331
 0.9995331
 0.9995331
 0.9995331
 0.9995331
 0.9995331
 1.0000000
 1.0000000
 1.0000000
 1.0000000
 1.0000000
 1.0000000
 1.0000000
 1.0000000
 1.0000000
 1.0000000
 1.0000000
 1.0000000
 1.0000000
 1.0000000
 1.0000000
 1.0000000
 1.0000000
 1.0000000
 1.0000000
 1.0000000
 1.0000000
 1.0000000
 1.0000000
 1.0000000
 1.0000000
 1.0000000
 1.0000000
 1.0000000
 1.0000000
 1.0000000
 1.0000000
 1.0000000
 1.0000000
 1.0000000
 1.0000000
 1.0000000
 1.0000000
 1.0000000
 1.0000000
 1.0000000
 1.0000000
 1.0000000
 1.0000000
 1.0000000
 1.0000000
 1.0000000
 1.0000000
 1.0000000
 1.0000000
 1.0000000
 1.0000000
 1.0000000
 1.0000000
 1.0000000
 1.0000000
 1.0000000
 1.0000000
 1.0000000
 1.0000000
 1.0000000
 1.0000000
 1.0000000
 1.0000000
 1.0000000
 1.0000000
 1.0000000
 1.0000000
 1.0000000
 1.0000000
 1.0000000
 1.0000000
 1.0000000
 1.0000000
 1.0000000
 1.0000000
 1.0000000
 1.0000000
 1.0000000
 1.0000000
 1.0000000
 1.0000000
 1.0000000
 1.0000000
 1.0000000
 1.0000000
 1.0000000
 1.0000000
 1.0000000
 1.0000000
 1.0000000
 1.0000000
 1.0000000
 1.0000000
 1.0000000
 1.0000000
 1.0000000
 1.0000000
 1.0000000
 1.0000000
 1.0000000
 1.0000000
 1.0000000
 1.0000000
 1.0000000
 1.0000000
 1.0000000
 1.0000000
 1.0000000
 1.0000000
 1.0000000
 1.0000000
 1.0000000
 1.0000000
 1.0000000
 1.0000000
 1.0000000
 1.0000000
 1.0000000
 1.0000000
 1.0000000
 1.0000000
 1.0000000
 1.0000000
 1.0000000
 1.0000000
 1.0000000
 1.0000000
 1.0000000
 1.0000000
 1.0000000
 1.0000000
