 0.0000000
 0.0000000
 0.0000000
 0.0000000
 0.0000000
 0.0000000
 0.0000000
 0.0000000
 0.0000000
 0.0000000
 0.0000000
 0.0000000
 0.0000000
 0.0000000
 0.0000000
 0.0000000
 0.0000000
 0.0000000
 0.0000000
 0.0000000
 0.0000000
 0.0000000
 0.0000000
 0.0000000
 0.0000000
 0.0000000
 0.0000000
 0.0000000
 0.0000000
 0.0000000
 0.0000000
 0.0000000
 0.0000000
 0.0079672
 0.0080256
 0.0384497
 0.0384497
 0.0991161
 0.1000641
 0.1502906
 0.1515258
 0.1911144
 0.1947588
 0.2055770
 0.2055770
 0.2662433
 0.2717370
 0.3208689
 0.3208689
 0.3208689
 0.3237180
 0.3352717
 0.3379246
 0.3400488
 0.3509478
 0.3517415
 0.3535544
 0.3709144
 0.3753912
 0.4006104
 0.4084009
 0.4108123
 0.4181928
 0.4300722
 0.4368585
 0.4578997
 0.4619201
 0.4621535
 0.4668674
 0.4702264
 0.4763854
 0.4800012
 0.4920986
 0.4957330
 0.4982672
 0.4994616
 0.4994616
 0.5001082
 0.5016161
 0.5122919
 0.5544667
 0.5551515
 0.5846876
 0.5888244
 0.5926539
 0.5949104
 0.6005440
 0.6028709
 0.6049017
 0.6085607
 0.6373247
 0.6397103
 0.6428434
 0.6429368
 0.6503103
 0.6505438
 0.6584529
 0.6593166
 0.6762128
 0.6767574
 0.7178993
 0.7180160
 0.7191365
 0.7193232
 0.7366996
 0.7366996
 0.7509358
 0.7510603
 0.7751407
 0.7751407
 0.7793237
 0.7796816
 0.8514515
 0.8514515
 0.8648020
 0.8648020
 0.8858246
 0.8858246
 0.8875053
 0.8875053
 0.8927205
 0.8927205
 0.9065155
 0.9065155
 0.9115095
 0.9115095
 0.9131435
 0.9131435
 0.9162247
 0.9162247
 0.9173627
 0.9173627
 0.9174872
 0.9174872
 0.9271615
 0.9271615
 0.9310753
 0.9310753
 0.9339912
 0.9339912
 0.9344736
 0.9345903
 0.9361699
 0.9361699
 0.9364967
 0.9364967
 0.9366523
 0.9366523
 0.9377120
 0.9377120
 0.9391671
 0.9391671
 0.9408477
 0.9408477
 0.9419760
 0.9419760
 0.9458846
 0.9458846
 0.9470906
 0.9470906
 0.9493976
 0.9493976
 0.9493976
 0.9493976
 0.9523985
 0.9523985
 0.9530981
 0.9530981
 0.9535727
 0.9535727
 0.9535727
 0.9536246
 0.9540915
 0.9540915
 0.9564231
 0.9564231
 0.9565787
 0.9566721
 0.9574761
 0.9574761
 0.9574761
 0.9574761
 0.9580519
 0.9580519
 0.9580519
 0.9580519
 0.9582854
 0.9582854
 0.9582854
 0.9582854
 0.9585188
 0.9585188
 0.9588767
 0.9588767
 0.9592424
 0.9592424
 0.9593358
 0.9593358
 0.9597819
 0.9597819
 0.9608401
 0.9608401
 0.9617504
 0.9617504
 0.9617504
 0.9617504
 0.9619061
 0.9619061
 0.9619061
 0.9619061
 0.9622718
 0.9622718
 0.9628164
 0.9628164
 0.9630654
 0.9630654
 0.9633377
 0.9633377
 0.9634311
 0.9634311
 0.9643959
 0.9643959
 0.9651351
 0.9652052
 0.9667121
 0.9667121
 0.9671789
 0.9671789
 0.9690697
 0.9690697
 0.9694042
 0.9694042
 0.9696377
 0.9696377
 0.9696377
 0.9696377
 0.9696377
 0.9696377
 0.9696377
 0.9696377
 0.9699100
 0.9699100
 0.9704832
 0.9704832
 0.9706388
 0.9706388
 0.9713080
 0.9713080
 0.9713080
 0.9713080
 0.9719635
 0.9719635
 0.9719635
 0.9719635
 0.9726015
 0.9726015
 0.9731073
 0.9731073
 0.9731073
 0.9731073
 0.9731073
 0.9731073
 0.9733796
 0.9733796
 0.9740663
 0.9740663
 0.9740663
 0.9740663
 0.9742219
 0.9742219
 0.9746110
 0.9746110
 0.9746110
 0.9746110
 0.9751167
 0.9751167
 0.9758326
 0.9758326
 0.9758326
 0.9758326
 0.9760660
 0.9760660
 0.9760660
 0.9760660
 0.9760660
 0.9760660
 0.9761594
 0.9761594
 0.9771320
 0.9771320
 0.9771320
 0.9771320
 0.9772253
 0.9772253
 0.9775521
 0.9775521
 0.9778011
 0.9778011
 0.9784002
 0.9784002
 0.9784002
 0.9784002
 0.9789605
 0.9789605
 0.9790772
 0.9790772
 0.9790772
 0.9790772
 0.9790772
 0.9790772
 0.9790772
 0.9790772
 0.9790772
 0.9790772
 0.9791706
 0.9791706
 0.9797852
 0.9797852
 0.9815048
 0.9815048
 0.9817149
 0.9817149
 0.9817149
 0.9817149
 0.9821506
 0.9821506
 0.9821506
 0.9821506
 0.9822440
 0.9822440
 0.9825008
 0.9825008
 0.9825008
 0.9825008
 0.9825008
 0.9825008
 0.9825008
 0.9825008
 0.9827342
 0.9827342
 0.9827342
 0.9827342
 0.9827342
 0.9827342
 0.9827342
 0.9827342
 0.9827342
 0.9827342
 0.9827342
 0.9827342
 0.9828509
 0.9828509
 0.9829443
 0.9829443
 0.9829443
 0.9829443
 0.9829910
 0.9829910
 0.9831077
 0.9831077
 0.9831077
 0.9831077
 0.9831077
 0.9831077
 0.9833178
 0.9833178
 0.9833178
 0.9833178
 0.9834345
 0.9834345
 0.9836679
 0.9836679
 0.9843059
 0.9843059
 0.9843059
 0.9843059
 0.9843059
 0.9843059
 0.9843059
 0.9843059
 0.9843993
 0.9843993
 0.9852786
 0.9853719
 0.9853719
 0.9853719
 0.9853719
 0.9853719
 0.9856832
 0.9856832
 0.9861889
 0.9861889
 0.9862823
 0.9863990
 0.9864924
 0.9864924
 0.9867958
 0.9867958
 0.9867958
 0.9867958
 0.9869125
 0.9869125
 0.9869125
 0.9869125
 0.9872393
 0.9872393
 0.9872393
 0.9872393
 0.9872393
 0.9872393
 0.9873794
 0.9873794
 0.9873794
 0.9873794
 0.9873794
 0.9873794
 0.9876517
 0.9876517
 0.9876517
 0.9876517
 0.9879630
 0.9879630
 0.9879630
 0.9879630
 0.9879630
 0.9879630
 0.9879630
 0.9879630
 0.9879630
 0.9879630
 0.9881730
 0.9881730
 0.9884065
 0.9884065
 0.9884065
 0.9884065
 0.9884065
 0.9884065
 0.9885232
 0.9885232
 0.9889122
 0.9889122
 0.9889122
 0.9889122
 0.9889122
 0.9889122
 0.9890056
 0.9890056
 0.9890056
 0.9890056
 0.9890056
 0.9890056
 0.9890056
 0.9890056
 0.9890056
 0.9890056
 0.9890056
 0.9890056
 0.9890990
 0.9890990
 0.9890990
 0.9890990
 0.9892157
 0.9892157
 0.9893091
 0.9893091
 0.9896981
 0.9896981
 0.9896981
 0.9896981
 0.9896981
 0.9896981
 0.9896981
 0.9897915
 0.9900405
 0.9900405
 0.9900405
 0.9900405
 0.9902272
 0.9902272
 0.9903828
 0.9903828
 0.9904762
 0.9904762
 0.9904762
 0.9904762
 0.9905929
 0.9905929
 0.9905929
 0.9905929
 0.9905929
 0.9905929
 0.9907096
 0.9907096
 0.9907096
 0.9907096
 0.9908030
 0.9908030
 0.9908030
 0.9908030
 0.9908964
 0.9908964
 0.9908964
 0.9908964
 0.9908964
 0.9908964
 0.9908964
 0.9908964
 0.9910520
 0.9910520
 0.9911453
 0.9911453
 0.9911453
 0.9911453
 0.9911453
 0.9911453
 0.9911453
 0.9911453
 0.9913788
 0.9913788
 0.9913788
 0.9913788
 0.9914255
 0.9914255
 0.9915811
 0.9915811
 0.9915811
 0.9915811
 0.9915811
 0.9915811
 0.9915811
 0.9915811
 0.9915811
 0.9915811
 0.9915811
 0.9915811
 0.9915811
 0.9915811
 0.9915811
 0.9915811
 0.9915811
 0.9915811
 0.9915811
 0.9915811
 0.9916978
 0.9916978
 0.9916978
 0.9916978
 0.9916978
 0.9916978
 0.9916978
 0.9916978
 0.9916978
 0.9916978
 0.9918845
 0.9918845
 0.9918845
 0.9918845
 0.9918845
 0.9918845
 0.9918845
 0.9918845
 0.9918845
 0.9918845
 0.9921180
 0.9921180
 0.9921180
 0.9921180
 0.9921180
 0.9921180
 0.9921180
 0.9921180
 0.9921180
 0.9921180
 0.9921180
 0.9921180
 0.9921180
 0.9921180
 0.9921180
 0.9921180
 0.9922347
 0.9922347
 0.9922347
 0.9922347
 0.9922347
 0.9922347
 0.9924214
 0.9924214
 0.9925381
 0.9925381
 0.9925381
 0.9925381
 0.9925381
 0.9925381
 0.9926548
 0.9926548
 0.9927716
 0.9927716
 0.9927716
 0.9927716
 0.9927716
 0.9927716
 0.9930050
 0.9930050
 0.9931217
 0.9931217
 0.9931217
 0.9931217
 0.9931217
 0.9931217
 0.9931217
 0.9931217
 0.9931217
 0.9931217
 0.9931217
 0.9931217
 0.9931217
 0.9931217
 0.9931217
 0.9931217
 0.9931217
 0.9931217
 0.9931217
 0.9931217
 0.9931217
 0.9931217
 0.9933084
 0.9933084
 0.9933084
 0.9933084
 0.9933084
 0.9933084
 0.9933084
 0.9933084
 0.9933084
 0.9933084
 0.9933084
 0.9933084
 0.9933084
 0.9933084
 0.9933084
 0.9933084
 0.9933084
 0.9933084
 0.9933084
 0.9933084
 0.9933084
 0.9933084
 0.9933084
 0.9933084
 0.9934641
 0.9934641
 0.9935808
 0.9935808
 0.9935808
 0.9935808
 0.9937908
 0.9937908
 0.9937908
 0.9937908
 0.9937908
 0.9937908
 0.9937908
 0.9937908
 0.9937908
 0.9937908
 0.9939076
 0.9939076
 0.9939076
 0.9939076
 0.9940009
 0.9940009
 0.9940009
 0.9940009
 0.9940009
 0.9940009
 0.9940009
 0.9940009
 0.9941176
 0.9941176
 0.9941176
 0.9941176
 0.9941176
 0.9941176
 0.9941176
 0.9941176
 0.9941176
 0.9941176
 0.9941176
 0.9941176
 0.9941176
 0.9941176
 0.9941176
 0.9941176
 0.9941176
 0.9941176
 0.9942344
 0.9942344
 0.9943511
 0.9943511
 0.9943511
 0.9943511
 0.9943511
 0.9943511
 0.9945845
 0.9945845
 0.9945845
 0.9945845
 0.9945845
 0.9945845
 0.9945845
 0.9945845
 0.9945845
 0.9945845
 0.9945845
 0.9945845
 0.9945845
 0.9945845
 0.9947401
 0.9947401
 0.9947401
 0.9947401
 0.9947401
 0.9947401
 0.9948957
 0.9948957
 0.9948957
 0.9948957
 0.9948957
 0.9948957
 0.9948957
 0.9948957
 0.9948957
 0.9948957
 0.9949891
 0.9949891
 0.9949891
 0.9949891
 0.9949891
 0.9949891
 0.9949891
 0.9949891
 0.9949891
 0.9949891
 0.9949891
 0.9949891
 0.9951447
 0.9951447
 0.9951447
 0.9951447
 0.9951447
 0.9951447
 0.9951447
 0.9951447
 0.9953003
 0.9953003
 0.9953003
 0.9953003
 0.9953003
 0.9953003
 0.9953003
 0.9953003
 0.9953003
 0.9953003
 0.9953003
 0.9953003
 0.9953003
 0.9953003
 0.9953003
 0.9953003
 0.9953003
 0.9953003
 0.9953003
 0.9953003
 0.9953003
 0.9953003
 0.9953003
 0.9953003
 0.9953937
 0.9953937
 0.9953937
 0.9953937
 0.9953937
 0.9953937
 0.9953937
 0.9953937
 0.9953937
 0.9953937
 0.9956972
 0.9956972
 0.9956972
 0.9956972
 0.9958139
 0.9958139
 0.9959306
 0.9959306
 0.9959306
 0.9959306
 0.9960240
 0.9960240
 0.9960240
 0.9960240
 0.9960240
 0.9960240
 0.9960240
 0.9960240
 0.9960240
 0.9960240
 0.9960240
 0.9960240
 0.9960240
 0.9960240
 0.9960240
 0.9960240
 0.9960240
 0.9960240
 0.9961796
 0.9961796
 0.9961796
 0.9961796
 0.9961796
 0.9961796
 0.9961796
 0.9961796
 0.9961796
 0.9961796
 0.9961796
 0.9961796
 0.9962730
 0.9962730
 0.9962730
 0.9962730
 0.9962730
 0.9962730
 0.9962730
 0.9962730
 0.9964286
 0.9964286
 0.9964286
 0.9964286
 0.9964286
 0.9964286
 0.9964286
 0.9964286
 0.9965219
 0.9965219
 0.9965219
 0.9965219
 0.9965219
 0.9965219
 0.9965219
 0.9965219
 0.9965219
 0.9965219
 0.9965219
 0.9965219
 0.9965219
 0.9965219
 0.9965219
 0.9965219
 0.9965219
 0.9965219
 0.9965219
 0.9965219
 0.9965219
 0.9965219
 0.9965219
 0.9965219
 0.9965219
 0.9965219
 0.9965219
 0.9965219
 0.9965219
 0.9965219
 0.9965219
 0.9965219
 0.9965219
 0.9965219
 0.9965219
 0.9965219
 0.9965219
 0.9965219
 0.9965219
 0.9965219
 0.9965219
 0.9965219
 0.9965219
 0.9965219
 0.9965219
 0.9965219
 0.9966153
 0.9966153
 0.9966153
 0.9966153
 0.9966153
 0.9966153
 0.9966153
 0.9966153
 0.9966153
 0.9966153
 0.9966153
 0.9966153
 0.9966153
 0.9966153
 0.9967320
 0.9967320
 0.9967320
 0.9967320
 0.9967320
 0.9967320
 0.9967320
 0.9967320
 0.9967320
 0.9967320
 0.9967320
 0.9967320
 0.9967320
 0.9967320
 0.9967320
 0.9967320
 0.9967320
 0.9967320
 0.9967320
 0.9967320
 0.9968487
 0.9968487
 0.9968487
 0.9968487
 0.9968487
 0.9968487
 0.9968487
 0.9968487
 0.9968487
 0.9968487
 0.9969655
 0.9969655
 0.9969655
 0.9969655
 0.9969655
 0.9969655
 0.9969655
 0.9969655
 0.9969655
 0.9969655
 0.9969655
 0.9969655
 0.9969655
 0.9969655
 0.9969655
 0.9969655
 0.9969655
 0.9969655
 0.9969655
 0.9969655
 0.9969655
 0.9969655
 0.9969655
 0.9969655
 0.9969655
 0.9969655
 0.9969655
 0.9969655
 0.9969655
 0.9969655
 0.9971211
 0.9971211
 0.9971211
 0.9971211
 0.9971211
 0.9971211
 0.9971211
 0.9971211
 0.9971211
 0.9971211
 0.9971211
 0.9971211
 0.9971211
 0.9971211
 0.9971211
 0.9971211
 0.9971211
 0.9971211
 0.9971211
 0.9971211
 0.9972767
 0.9972767
 0.9972767
 0.9972767
 0.9972767
 0.9972767
 0.9972767
 0.9972767
 0.9972767
 0.9972767
 0.9972767
 0.9972767
 0.9972767
 0.9972767
 0.9973701
 0.9973701
 0.9973701
 0.9973701
 0.9973701
 0.9973701
 0.9973701
 0.9973701
 0.9973701
 0.9973701
 0.9973701
 0.9973701
 0.9973701
 0.9973701
 0.9973701
 0.9973701
 0.9973701
 0.9973701
 0.9973701
 0.9973701
 0.9973701
 0.9973701
 0.9973701
 0.9973701
 0.9973701
 0.9973701
 0.9973701
 0.9973701
 0.9973701
 0.9973701
 0.9973701
 0.9973701
 0.9973701
 0.9973701
 0.9973701
 0.9973701
 0.9973701
 0.9973701
 0.9973701
 0.9973701
 0.9973701
 0.9973701
 0.9973701
 0.9973701
 0.9973701
 0.9973701
 0.9973701
 0.9973701
 0.9973701
 0.9973701
 0.9973701
 0.9973701
 0.9973701
 0.9973701
 0.9973701
 0.9973701
 0.9975257
 0.9975257
 0.9975257
 0.9975257
 0.9975257
 0.9975257
 0.9975257
 0.9975257
 0.9975257
 0.9975257
 0.9976190
 0.9976190
 0.9976190
 0.9976190
 0.9976190
 0.9976190
 0.9976190
 0.9976190
 0.9976190
 0.9976190
 0.9976190
 0.9976190
 0.9976190
 0.9976190
 0.9976190
 0.9976190
 0.9976190
 0.9976190
 0.9976190
 0.9976190
 0.9976190
 0.9976190
 0.9976190
 0.9976190
 0.9976190
 0.9976190
 0.9978525
 0.9978525
 0.9978525
 0.9978525
 0.9978525
 0.9978525
 0.9978525
 0.9978525
 0.9978525
 0.9978525
 0.9978525
 0.9978525
 0.9978525
 0.9978525
 0.9978525
 0.9978525
 0.9978525
 0.9978525
 0.9978525
 0.9978525
 0.9978525
 0.9978525
 0.9978525
 0.9978525
 0.9979458
 0.9979458
 0.9979458
 0.9979458
 0.9980392
 0.9980392
 0.9980392
 0.9980392
 0.9980392
 0.9980392
 0.9981948
 0.9981948
 0.9985450
 0.9985450
 0.9985450
 0.9985450
 0.9985450
 0.9985450
 0.9985450
 0.9985450
 0.9985450
 0.9985450
 0.9985450
 0.9985450
 0.9985450
 0.9985450
 0.9985450
 0.9985450
 0.9985450
 0.9985450
 0.9985450
 0.9985450
 0.9985450
 0.9985450
 0.9985450
 0.9985450
 0.9985450
 0.9985450
 0.9985450
 0.9985450
 0.9985450
 0.9985450
 0.9985450
 0.9985450
 0.9985450
 0.9985450
 0.9985450
 0.9985450
 0.9985450
 0.9985450
 0.9985450
 0.9985450
 0.9985450
 0.9985450
 0.9985450
 0.9985450
 0.9985450
 0.9985450
 0.9985450
 0.9985450
 0.9985450
 0.9985450
 0.9985450
 0.9985450
 0.9985450
 0.9985450
 0.9985450
 0.9985450
 0.9985450
 0.9985450
 0.9985450
 0.9985450
 0.9985450
 0.9985450
 0.9985450
 0.9985450
 0.9985450
 0.9985450
 0.9985450
 0.9985450
 0.9985450
 0.9985450
 0.9985450
 0.9985450
 0.9985450
 0.9985450
 0.9985450
 0.9985450
 0.9985450
 0.9985450
 0.9985450
 0.9985450
 0.9985450
 0.9985450
 0.9985450
 0.9985450
 0.9985450
 0.9985450
 0.9985450
 0.9985450
 0.9985450
 0.9985450
 0.9985450
 0.9985450
 0.9985450
 0.9985450
 0.9985450
 0.9985450
 0.9985450
 0.9985450
 0.9987006
 0.9987006
 0.9987006
 0.9987006
 0.9987006
 0.9987006
 0.9987006
 0.9987006
 0.9987006
 0.9987006
 0.9987006
 0.9987006
 0.9987006
 0.9987006
 0.9988173
 0.9988173
 0.9988173
 0.9988173
 0.9988173
 0.9988173
 0.9988173
 0.9988173
 0.9988173
 0.9988173
 0.9989107
 0.9989107
 0.9990274
 0.9990274
 0.9990274
 0.9990274
 0.9990274
 0.9990274
 0.9990274
 0.9990274
 0.9990274
 0.9990274
 0.9990274
 0.9990274
 0.9990274
 0.9990274
 0.9990274
 0.9990274
 0.9990274
 0.9990274
 0.9990274
 0.9990274
 0.9990274
 0.9990274
 0.9992997
 0.9992997
 0.9994164
 0.9994164
 0.9994164
 0.9994164
 0.9994164
 0.9994164
 0.9994164
 0.9994164
 0.9994164
 0.9994164
 0.9994164
 0.9994164
 0.9994164
 0.9994164
 0.9994164
 0.9994164
 0.9994164
 0.9994164
 0.9994164
 0.9994164
 0.9994164
 0.9994164
 0.9995331
 0.9995331
 0.9995331
 0.9995331
 0.9995331
 0.9995331
 0.9995331
 0.9995331
 0.9995331
 0.9995331
 0.9995331
 0.9995331
 0.9995331
 0.9995331
 0.9995331
 0.9995331
 0.9995331
 0.9995331
 0.9995331
 0.9995331
 0.9995331
 0.9995331
 0.9995331
 0.9995331
 0.9995331
 0.9995331
 0.9995331
 0.9995331
 0.9995331
 0.9995331
 0.9995331
 0.9995331
 0.9995331
 0.9995331
 0.9995331
 0.9995331
 0.9995331
 0.9995331
 0.9995331
 0.9995331
 0.9995331
 0.9995331
 0.9995331
 0.9995331
 0.9995331
 0.9995331
 0.9995331
 0.9995331
 0.9995331
 0.9995331
 0.9995331
 0.9995331
 0.9995331
 0.9995331
 0.9995331
 0.9995331
 0.9995331
 0.9995331
 0.9995331
 0.9995331
 0.9995331
 0.9995331
 0.9995331
 0.9995331
 0.9995331
 0.9995331
 0.9996499
 0.9996499
 0.9996499
 0.9996499
 0.9996499
 0.9996499
 0.9996499
 0.9996499
 0.9996499
 0.9996499
 0.9996499
 0.9996499
 0.9996499
 0.9996499
 0.9996499
 0.9996499
 0.9996499
 0.9996499
 0.9996499
 0.9996499
 0.9996499
 0.9996499
 0.9996499
 0.9996499
 0.9996499
 0.9996499
 0.9996499
 0.9996499
 0.9996499
 0.9996499
 0.9996499
 0.9996499
 0.9996499
 0.9996499
 0.9997666
 0.9997666
 0.9997666
 0.9997666
 0.9997666
 0.9997666
 0.9997666
 0.9997666
 0.9997666
 0.9997666
 0.9997666
 0.9997666
 0.9997666
 0.9997666
 0.9997666
 0.9997666
 0.9997666
 0.9997666
 0.9997666
 0.9997666
 0.9997666
 0.9997666
 0.9997666
 0.9997666
 0.9997666
 0.9997666
 0.9997666
 0.9997666
 0.9997666
 0.9997666
 0.9997666
 0.9997666
 0.9997666
 0.9997666
 0.9997666
 0.9997666
 0.9997666
 0.9997666
 0.9997666
 0.9997666
 0.9997666
 0.9997666
 0.9997666
 0.9997666
 0.9997666
 0.9997666
 0.9997666
 0.9997666
 0.9997666
 0.9997666
 0.9997666
 0.9997666
 0.9997666
 0.9997666
 0.9997666
 0.9997666
 0.9997666
 0.9997666
 0.9997666
 0.9997666
 0.9997666
 0.9997666
 0.9997666
 0.9997666
 0.9997666
 0.9997666
 0.9997666
 0.9997666
 0.9997666
 0.9997666
 0.9997666
 0.9997666
 1.0000000
 1.0000000
 1.0000000
 1.0000000
 1.0000000
 1.0000000
 1.0000000
 1.0000000
 1.0000000
 1.0000000
 1.0000000
 1.0000000
 1.0000000
 1.0000000
 1.0000000
 1.0000000
 1.0000000
 1.0000000
 1.0000000
 1.0000000
 1.0000000
 1.0000000
 1.0000000
 1.0000000
 1.0000000
