 0.0000000
 0.0000000
 0.0000000
 0.0000000
 0.0000000
 0.0000000
 0.0000000
 0.0000000
 0.0000000
 0.0000000
 0.0000000
 0.0000000
 0.0000000
 0.0000000
 0.0000000
 0.0000000
 0.0000000
 0.0000000
 0.0000000
 0.0000000
 0.0000000
 0.0000000
 0.0000000
 0.0000000
 0.0000000
 0.0000000
 0.0000000
 0.0000000
 0.0000000
 0.0000000
 0.0000000
 0.0000000
 0.0000000
 0.0382820
 0.0392157
 0.1213819
 0.1213819
 0.2595705
 0.2595705
 0.3319328
 0.3347339
 0.3823529
 0.3879552
 0.4014939
 0.4019608
 0.4827264
 0.4887955
 0.5345472
 0.5345472
 0.5345472
 0.5368814
 0.5471522
 0.5485528
 0.5522876
 0.5625584
 0.5630252
 0.5653595
 0.5798319
 0.5835668
 0.6059757
 0.6162465
 0.6171802
 0.6237162
 0.6344538
 0.6409897
 0.6596639
 0.6629318
 0.6633987
 0.6671335
 0.6704015
 0.6769374
 0.6792717
 0.6886088
 0.6904762
 0.6946779
 0.6960784
 0.6960784
 0.6960784
 0.6965453
 0.7007470
 0.7310924
 0.7315593
 0.7521008
 0.7549020
 0.7577031
 0.7595705
 0.7642390
 0.7665733
 0.7670401
 0.7679739
 0.7885154
 0.7936508
 0.7955182
 0.7959851
 0.8011204
 0.8011204
 0.8048553
 0.8048553
 0.8160598
 0.8160598
 0.8403361
 0.8403361
 0.8403361
 0.8403361
 0.8506069
 0.8506069
 0.8590103
 0.8590103
 0.8734827
 0.8734827
 0.8748833
 0.8748833
 0.9229692
 0.9229692
 0.9332400
 0.9332400
 0.9444444
 0.9449113
 0.9453782
 0.9453782
 0.9477124
 0.9477124
 0.9575163
 0.9575163
 0.9593838
 0.9598506
 0.9612512
 0.9612512
 0.9617180
 0.9617180
 0.9617180
 0.9617180
 0.9621849
 0.9621849
 0.9668534
 0.9668534
 0.9701214
 0.9701214
 0.9719888
 0.9719888
 0.9729225
 0.9729225
 0.9743231
 0.9743231
 0.9743231
 0.9743231
 0.9743231
 0.9743231
 0.9743231
 0.9743231
 0.9752568
 0.9752568
 0.9771242
 0.9771242
 0.9780579
 0.9780579
 0.9794585
 0.9794585
 0.9799253
 0.9799253
 0.9803922
 0.9803922
 0.9803922
 0.9803922
 0.9817927
 0.9817927
 0.9817927
 0.9817927
 0.9822596
 0.9822596
 0.9822596
 0.9822596
 0.9822596
 0.9822596
 0.9831933
 0.9831933
 0.9836601
 0.9836601
 0.9836601
 0.9836601
 0.9836601
 0.9836601
 0.9836601
 0.9836601
 0.9836601
 0.9836601
 0.9836601
 0.9836601
 0.9845938
 0.9845938
 0.9850607
 0.9850607
 0.9850607
 0.9850607
 0.9850607
 0.9850607
 0.9850607
 0.9850607
 0.9859944
 0.9859944
 0.9859944
 0.9859944
 0.9864613
 0.9864613
 0.9873950
 0.9873950
 0.9873950
 0.9873950
 0.9878618
 0.9878618
 0.9878618
 0.9878618
 0.9878618
 0.9878618
 0.9878618
 0.9878618
 0.9878618
 0.9878618
 0.9878618
 0.9878618
 0.9878618
 0.9878618
 0.9878618
 0.9878618
 0.9887955
 0.9887955
 0.9892624
 0.9892624
 0.9892624
 0.9892624
 0.9892624
 0.9892624
 0.9897292
 0.9897292
 0.9897292
 0.9897292
 0.9897292
 0.9897292
 0.9897292
 0.9897292
 0.9897292
 0.9897292
 0.9911298
 0.9911298
 0.9915966
 0.9915966
 0.9920635
 0.9920635
 0.9920635
 0.9920635
 0.9934641
 0.9934641
 0.9934641
 0.9934641
 0.9934641
 0.9934641
 0.9934641
 0.9934641
 0.9934641
 0.9934641
 0.9934641
 0.9934641
 0.9934641
 0.9934641
 0.9934641
 0.9934641
 0.9934641
 0.9934641
 0.9934641
 0.9934641
 0.9934641
 0.9934641
 0.9934641
 0.9934641
 0.9934641
 0.9934641
 0.9939309
 0.9939309
 0.9939309
 0.9939309
 0.9939309
 0.9939309
 0.9939309
 0.9939309
 0.9939309
 0.9939309
 0.9939309
 0.9939309
 0.9939309
 0.9939309
 0.9943978
 0.9943978
 0.9943978
 0.9943978
 0.9943978
 0.9943978
 0.9943978
 0.9943978
 0.9943978
 0.9943978
 0.9943978
 0.9943978
 0.9943978
 0.9943978
 0.9943978
 0.9943978
 0.9943978
 0.9943978
 0.9943978
 0.9943978
 0.9943978
 0.9943978
 0.9943978
 0.9943978
 0.9943978
 0.9943978
 0.9943978
 0.9943978
 0.9943978
 0.9943978
 0.9943978
 0.9943978
 0.9943978
 0.9943978
 0.9943978
 0.9943978
 0.9943978
 0.9943978
 0.9943978
 0.9943978
 0.9943978
 0.9943978
 0.9943978
 0.9943978
 0.9943978
 0.9943978
 0.9943978
 0.9943978
 0.9948646
 0.9948646
 0.9948646
 0.9948646
 0.9948646
 0.9948646
 0.9948646
 0.9948646
 0.9948646
 0.9948646
 0.9948646
 0.9948646
 0.9948646
 0.9948646
 0.9948646
 0.9948646
 0.9948646
 0.9948646
 0.9948646
 0.9948646
 0.9948646
 0.9948646
 0.9948646
 0.9948646
 0.9948646
 0.9948646
 0.9948646
 0.9948646
 0.9948646
 0.9948646
 0.9948646
 0.9948646
 0.9948646
 0.9948646
 0.9948646
 0.9948646
 0.9948646
 0.9948646
 0.9948646
 0.9948646
 0.9948646
 0.9948646
 0.9948646
 0.9948646
 0.9948646
 0.9948646
 0.9948646
 0.9948646
 0.9948646
 0.9948646
 0.9953315
 0.9953315
 0.9953315
 0.9953315
 0.9953315
 0.9953315
 0.9953315
 0.9953315
 0.9957983
 0.9957983
 0.9957983
 0.9957983
 0.9957983
 0.9957983
 0.9957983
 0.9957983
 0.9957983
 0.9957983
 0.9957983
 0.9957983
 0.9957983
 0.9957983
 0.9957983
 0.9957983
 0.9957983
 0.9957983
 0.9957983
 0.9957983
 0.9957983
 0.9957983
 0.9957983
 0.9957983
 0.9957983
 0.9957983
 0.9957983
 0.9957983
 0.9957983
 0.9957983
 0.9957983
 0.9957983
 0.9957983
 0.9957983
 0.9957983
 0.9957983
 0.9957983
 0.9957983
 0.9957983
 0.9957983
 0.9957983
 0.9957983
 0.9957983
 0.9957983
 0.9957983
 0.9957983
 0.9957983
 0.9957983
 0.9957983
 0.9957983
 0.9962652
 0.9962652
 0.9962652
 0.9962652
 0.9962652
 0.9962652
 0.9962652
 0.9962652
 0.9962652
 0.9962652
 0.9962652
 0.9962652
 0.9962652
 0.9962652
 0.9962652
 0.9962652
 0.9962652
 0.9962652
 0.9962652
 0.9962652
 0.9962652
 0.9962652
 0.9962652
 0.9962652
 0.9962652
 0.9962652
 0.9962652
 0.9962652
 0.9967320
 0.9967320
 0.9967320
 0.9967320
 0.9967320
 0.9967320
 0.9971989
 0.9971989
 0.9971989
 0.9971989
 0.9971989
 0.9971989
 0.9971989
 0.9971989
 0.9971989
 0.9971989
 0.9971989
 0.9971989
 0.9971989
 0.9971989
 0.9971989
 0.9971989
 0.9971989
 0.9971989
 0.9971989
 0.9971989
 0.9971989
 0.9971989
 0.9971989
 0.9971989
 0.9971989
 0.9971989
 0.9971989
 0.9971989
 0.9971989
 0.9971989
 0.9971989
 0.9971989
 0.9971989
 0.9971989
 0.9971989
 0.9971989
 0.9971989
 0.9971989
 0.9971989
 0.9971989
 0.9971989
 0.9971989
 0.9971989
 0.9971989
 0.9971989
 0.9971989
 0.9971989
 0.9971989
 0.9971989
 0.9971989
 0.9971989
 0.9971989
 0.9971989
 0.9971989
 0.9971989
 0.9971989
 0.9971989
 0.9971989
 0.9971989
 0.9971989
 0.9971989
 0.9971989
 0.9971989
 0.9971989
 0.9971989
 0.9971989
 0.9971989
 0.9971989
 0.9971989
 0.9971989
 0.9971989
 0.9971989
 0.9971989
 0.9971989
 0.9971989
 0.9971989
 0.9971989
 0.9971989
 0.9971989
 0.9971989
 0.9971989
 0.9971989
 0.9971989
 0.9971989
 0.9971989
 0.9971989
 0.9971989
 0.9971989
 0.9971989
 0.9971989
 0.9971989
 0.9971989
 0.9971989
 0.9971989
 0.9971989
 0.9971989
 0.9971989
 0.9971989
 0.9971989
 0.9971989
 0.9971989
 0.9971989
 0.9971989
 0.9971989
 0.9971989
 0.9971989
 0.9971989
 0.9971989
 0.9971989
 0.9971989
 0.9971989
 0.9971989
 0.9971989
 0.9971989
 0.9971989
 0.9971989
 0.9971989
 0.9971989
 0.9971989
 0.9971989
 0.9971989
 0.9971989
 0.9971989
 0.9971989
 0.9971989
 0.9971989
 0.9971989
 0.9971989
 0.9976657
 0.9976657
 0.9976657
 0.9976657
 0.9976657
 0.9976657
 0.9976657
 0.9976657
 0.9976657
 0.9976657
 0.9976657
 0.9976657
 0.9976657
 0.9976657
 0.9976657
 0.9976657
 0.9976657
 0.9976657
 0.9976657
 0.9976657
 0.9976657
 0.9976657
 0.9976657
 0.9976657
 0.9976657
 0.9976657
 0.9976657
 0.9976657
 0.9976657
 0.9976657
 0.9976657
 0.9976657
 0.9976657
 0.9976657
 0.9976657
 0.9976657
 0.9976657
 0.9976657
 0.9976657
 0.9976657
 0.9976657
 0.9976657
 0.9976657
 0.9976657
 0.9976657
 0.9976657
 0.9976657
 0.9976657
 0.9976657
 0.9976657
 0.9976657
 0.9976657
 0.9976657
 0.9976657
 0.9976657
 0.9976657
 0.9976657
 0.9976657
 0.9976657
 0.9976657
 0.9976657
 0.9976657
 0.9976657
 0.9976657
 0.9981326
 0.9981326
 0.9981326
 0.9981326
 0.9981326
 0.9981326
 0.9981326
 0.9981326
 0.9981326
 0.9981326
 0.9981326
 0.9981326
 0.9981326
 0.9981326
 0.9981326
 0.9981326
 0.9981326
 0.9981326
 0.9981326
 0.9981326
 0.9981326
 0.9981326
 0.9981326
 0.9981326
 0.9981326
 0.9981326
 0.9981326
 0.9981326
 0.9981326
 0.9981326
 0.9981326
 0.9981326
 0.9981326
 0.9981326
 0.9981326
 0.9981326
 0.9981326
 0.9981326
 0.9981326
 0.9981326
 0.9981326
 0.9981326
 0.9981326
 0.9981326
 0.9981326
 0.9981326
 0.9985994
 0.9985994
 0.9985994
 0.9985994
 0.9985994
 0.9985994
 0.9985994
 0.9985994
 0.9985994
 0.9985994
 0.9985994
 0.9985994
 0.9985994
 0.9985994
 0.9985994
 0.9985994
 0.9985994
 0.9985994
 0.9985994
 0.9985994
 0.9985994
 0.9985994
 0.9985994
 0.9985994
 0.9985994
 0.9985994
 0.9985994
 0.9985994
 0.9985994
 0.9985994
 0.9985994
 0.9985994
 0.9985994
 0.9985994
 0.9985994
 0.9985994
 0.9985994
 0.9985994
 0.9985994
 0.9985994
 0.9985994
 0.9985994
 0.9985994
 0.9985994
 0.9985994
 0.9985994
 0.9985994
 0.9985994
 0.9985994
 0.9985994
 0.9985994
 0.9985994
 0.9985994
 0.9985994
 0.9985994
 0.9985994
 0.9985994
 0.9985994
 0.9985994
 0.9985994
 0.9985994
 0.9985994
 0.9985994
 0.9985994
 0.9985994
 0.9985994
 0.9985994
 0.9985994
 0.9985994
 0.9985994
 0.9985994
 0.9985994
 0.9985994
 0.9985994
 0.9985994
 0.9985994
 0.9985994
 0.9985994
 0.9985994
 0.9985994
 0.9985994
 0.9985994
 0.9985994
 0.9985994
 0.9985994
 0.9985994
 0.9985994
 0.9985994
 0.9985994
 0.9985994
 0.9985994
 0.9985994
 0.9985994
 0.9985994
 0.9985994
 0.9985994
 0.9985994
 0.9985994
 0.9985994
 0.9985994
 0.9985994
 0.9985994
 0.9985994
 0.9985994
 0.9985994
 0.9985994
 0.9985994
 0.9985994
 0.9985994
 0.9985994
 0.9985994
 0.9985994
 0.9985994
 0.9985994
 0.9985994
 0.9985994
 0.9985994
 0.9985994
 0.9985994
 0.9985994
 0.9985994
 0.9985994
 0.9985994
 0.9985994
 0.9985994
 0.9985994
 0.9985994
 0.9985994
 0.9985994
 0.9985994
 0.9985994
 0.9985994
 0.9985994
 0.9985994
 0.9985994
 0.9985994
 0.9985994
 0.9985994
 0.9985994
 0.9985994
 0.9985994
 0.9985994
 0.9985994
 0.9985994
 0.9985994
 0.9985994
 0.9985994
 0.9985994
 0.9985994
 0.9985994
 0.9985994
 0.9985994
 0.9985994
 0.9985994
 0.9985994
 0.9985994
 0.9985994
 0.9985994
 0.9985994
 0.9985994
 0.9985994
 0.9985994
 0.9985994
 0.9985994
 0.9985994
 0.9985994
 0.9985994
 0.9985994
 0.9985994
 0.9985994
 0.9985994
 0.9985994
 0.9985994
 0.9985994
 0.9985994
 0.9985994
 0.9985994
 0.9985994
 0.9985994
 0.9985994
 0.9985994
 0.9985994
 0.9985994
 0.9985994
 0.9990663
 0.9990663
 0.9990663
 0.9990663
 0.9990663
 0.9990663
 0.9990663
 0.9990663
 0.9990663
 0.9990663
 0.9990663
 0.9990663
 0.9990663
 0.9990663
 0.9990663
 0.9990663
 0.9990663
 0.9990663
 0.9990663
 0.9990663
 0.9990663
 0.9990663
 0.9990663
 0.9990663
 0.9990663
 0.9990663
 0.9990663
 0.9990663
 0.9990663
 0.9990663
 0.9990663
 0.9990663
 0.9990663
 0.9990663
 0.9990663
 0.9990663
 0.9990663
 0.9990663
 0.9990663
 0.9990663
 0.9990663
 0.9990663
 0.9990663
 0.9990663
 0.9990663
 0.9990663
 0.9990663
 0.9990663
 0.9990663
 0.9990663
 0.9990663
 0.9990663
 0.9990663
 0.9990663
 0.9990663
 0.9990663
 0.9990663
 0.9990663
 0.9990663
 0.9990663
 0.9990663
 0.9990663
 0.9990663
 0.9990663
 0.9990663
 0.9990663
 0.9990663
 0.9990663
 0.9990663
 0.9990663
 0.9990663
 0.9990663
 0.9990663
 0.9990663
 0.9990663
 0.9990663
 0.9990663
 0.9990663
 0.9990663
 0.9990663
 0.9990663
 0.9990663
 0.9990663
 0.9990663
 0.9990663
 0.9990663
 0.9990663
 0.9990663
 0.9990663
 0.9990663
 0.9990663
 0.9990663
 0.9990663
 0.9990663
 0.9990663
 0.9990663
 0.9990663
 0.9990663
 0.9990663
 0.9990663
 0.9990663
 0.9990663
 0.9990663
 0.9990663
 0.9990663
 0.9990663
 0.9990663
 0.9990663
 0.9990663
 0.9990663
 0.9990663
 0.9990663
 0.9990663
 0.9990663
 0.9990663
 0.9990663
 0.9990663
 0.9990663
 0.9990663
 0.9990663
 0.9990663
 0.9990663
 0.9990663
 0.9990663
 0.9990663
 0.9990663
 0.9990663
 0.9990663
 0.9990663
 0.9990663
 0.9990663
 0.9990663
 0.9990663
 0.9990663
 0.9990663
 0.9990663
 0.9990663
 0.9990663
 0.9990663
 0.9990663
 0.9990663
 0.9990663
 0.9990663
 0.9990663
 0.9990663
 0.9990663
 0.9990663
 0.9990663
 0.9990663
 0.9990663
 0.9990663
 0.9990663
 0.9990663
 0.9990663
 0.9990663
 0.9990663
 0.9990663
 0.9990663
 0.9990663
 0.9990663
 0.9990663
 0.9990663
 0.9990663
 0.9990663
 0.9990663
 0.9990663
 0.9990663
 0.9990663
 0.9990663
 0.9990663
 0.9990663
 0.9990663
 0.9990663
 0.9990663
 0.9990663
 0.9990663
 0.9990663
 0.9990663
 0.9990663
 0.9990663
 0.9990663
 0.9990663
 0.9990663
 0.9990663
 0.9990663
 0.9990663
 0.9990663
 0.9990663
 0.9990663
 0.9990663
 0.9990663
 0.9990663
 0.9990663
 0.9990663
 0.9990663
 0.9990663
 0.9990663
 0.9990663
 0.9990663
 0.9990663
 0.9990663
 0.9990663
 0.9990663
 0.9990663
 0.9990663
 0.9990663
 0.9990663
 0.9990663
 0.9990663
 0.9990663
 0.9990663
 0.9990663
 0.9990663
 0.9990663
 0.9990663
 0.9990663
 0.9990663
 0.9990663
 0.9990663
 0.9990663
 0.9990663
 0.9990663
 0.9990663
 0.9990663
 0.9990663
 0.9990663
 0.9990663
 0.9990663
 0.9990663
 0.9990663
 0.9990663
 0.9990663
 0.9990663
 0.9990663
 0.9990663
 0.9990663
 0.9990663
 0.9990663
 0.9990663
 0.9990663
 0.9990663
 0.9990663
 0.9990663
 0.9990663
 0.9990663
 0.9990663
 0.9990663
 0.9990663
 0.9990663
 0.9990663
 0.9990663
 0.9990663
 0.9990663
 0.9990663
 0.9990663
 0.9990663
 0.9990663
 0.9990663
 0.9990663
 0.9990663
 0.9990663
 0.9990663
 0.9990663
 0.9990663
 0.9990663
 0.9990663
 0.9990663
 0.9990663
 0.9990663
 0.9990663
 0.9990663
 0.9990663
 0.9990663
 0.9990663
 0.9990663
 0.9990663
 0.9995331
 0.9995331
 0.9995331
 0.9995331
 0.9995331
 0.9995331
 0.9995331
 0.9995331
 0.9995331
 0.9995331
 0.9995331
 0.9995331
 0.9995331
 0.9995331
 0.9995331
 0.9995331
 0.9995331
 0.9995331
 0.9995331
 0.9995331
 0.9995331
 0.9995331
 0.9995331
 0.9995331
 0.9995331
 0.9995331
 0.9995331
 0.9995331
 0.9995331
 0.9995331
 0.9995331
 0.9995331
 0.9995331
 0.9995331
 0.9995331
 0.9995331
 0.9995331
 0.9995331
 0.9995331
 0.9995331
 0.9995331
 0.9995331
 0.9995331
 0.9995331
 0.9995331
 0.9995331
 0.9995331
 0.9995331
 0.9995331
 0.9995331
 0.9995331
 0.9995331
 0.9995331
 0.9995331
 0.9995331
 0.9995331
 0.9995331
 0.9995331
 0.9995331
 0.9995331
 0.9995331
 0.9995331
 0.9995331
 0.9995331
 0.9995331
 0.9995331
 0.9995331
 0.9995331
 0.9995331
 0.9995331
 0.9995331
 0.9995331
 0.9995331
 0.9995331
 0.9995331
 0.9995331
 0.9995331
 0.9995331
 0.9995331
 0.9995331
 0.9995331
 0.9995331
 0.9995331
 0.9995331
 0.9995331
 0.9995331
 0.9995331
 0.9995331
 0.9995331
 0.9995331
 0.9995331
 0.9995331
 0.9995331
 0.9995331
 0.9995331
 0.9995331
 0.9995331
 0.9995331
 0.9995331
 0.9995331
 0.9995331
 0.9995331
 0.9995331
 0.9995331
 0.9995331
 0.9995331
 0.9995331
 0.9995331
 0.9995331
 0.9995331
 0.9995331
 0.9995331
 0.9995331
 0.9995331
 0.9995331
 0.9995331
 0.9995331
 0.9995331
 0.9995331
 0.9995331
 0.9995331
 0.9995331
 0.9995331
 0.9995331
 0.9995331
 0.9995331
 0.9995331
 0.9995331
 0.9995331
 0.9995331
 0.9995331
 0.9995331
 0.9995331
 0.9995331
 0.9995331
 0.9995331
 0.9995331
 0.9995331
 0.9995331
 0.9995331
 0.9995331
 0.9995331
 0.9995331
 0.9995331
 0.9995331
 0.9995331
 0.9995331
 0.9995331
 0.9995331
 0.9995331
 0.9995331
 0.9995331
 0.9995331
 0.9995331
 0.9995331
 0.9995331
 0.9995331
 0.9995331
 0.9995331
 0.9995331
 0.9995331
 0.9995331
 0.9995331
 0.9995331
 0.9995331
 0.9995331
 0.9995331
 0.9995331
 0.9995331
 0.9995331
 0.9995331
 0.9995331
 0.9995331
 0.9995331
 0.9995331
 0.9995331
 0.9995331
 0.9995331
 0.9995331
 0.9995331
 0.9995331
 0.9995331
 0.9995331
 0.9995331
 0.9995331
 0.9995331
 0.9995331
 0.9995331
 0.9995331
 0.9995331
 0.9995331
 0.9995331
 0.9995331
 0.9995331
 0.9995331
 0.9995331
 0.9995331
 0.9995331
 0.9995331
 0.9995331
 0.9995331
 0.9995331
 0.9995331
 0.9995331
 0.9995331
 0.9995331
 0.9995331
 0.9995331
 0.9995331
 0.9995331
 0.9995331
 0.9995331
 0.9995331
 0.9995331
 0.9995331
 0.9995331
 0.9995331
 0.9995331
 0.9995331
 0.9995331
 0.9995331
 0.9995331
 0.9995331
 0.9995331
 0.9995331
 0.9995331
 0.9995331
 0.9995331
 0.9995331
 0.9995331
 1.0000000
 1.0000000
 1.0000000
 1.0000000
 1.0000000
 1.0000000
 1.0000000
 1.0000000
 1.0000000
 1.0000000
 1.0000000
 1.0000000
 1.0000000
 1.0000000
 1.0000000
 1.0000000
 1.0000000
 1.0000000
 1.0000000
 1.0000000
 1.0000000
 1.0000000
 1.0000000
 1.0000000
 1.0000000
 1.0000000
 1.0000000
 1.0000000
 1.0000000
 1.0000000
 1.0000000
 1.0000000
 1.0000000
 1.0000000
 1.0000000
 1.0000000
 1.0000000
 1.0000000
 1.0000000
 1.0000000
 1.0000000
 1.0000000
 1.0000000
 1.0000000
 1.0000000
 1.0000000
 1.0000000
 1.0000000
 1.0000000
 1.0000000
 1.0000000
 1.0000000
 1.0000000
 1.0000000
 1.0000000
 1.0000000
 1.0000000
 1.0000000
 1.0000000
 1.0000000
 1.0000000
 1.0000000
 1.0000000
 1.0000000
 1.0000000
 1.0000000
 1.0000000
 1.0000000
 1.0000000
 1.0000000
 1.0000000
 1.0000000
 1.0000000
 1.0000000
 1.0000000
 1.0000000
 1.0000000
 1.0000000
 1.0000000
 1.0000000
 1.0000000
 1.0000000
 1.0000000
 1.0000000
 1.0000000
