 0.0000000
 0.0000000
 0.0000000
 0.0000000
 0.0000000
 0.0000000
 0.0000000
 0.0000000
 0.0000000
 0.0000000
 0.0000000
 0.0000000
 0.0000000
 0.0000000
 0.0000000
 0.0000000
 0.0000000
 0.0000000
 0.0000000
 0.0000000
 0.0000000
 0.0000000
 0.0000000
 0.0000000
 0.0000000
 0.0000000
 0.0000000
 0.0000000
 0.0000000
 0.0000000
 0.0000000
 0.0000000
 0.0000000
 0.0135387
 0.0144725
 0.0443511
 0.0443511
 0.1227824
 0.1241830
 0.1788049
 0.1792717
 0.2212885
 0.2254902
 0.2352941
 0.2352941
 0.3006536
 0.3034547
 0.3487395
 0.3487395
 0.3487395
 0.3515406
 0.3636788
 0.3641457
 0.3669468
 0.3739496
 0.3748833
 0.3767507
 0.3902894
 0.3958917
 0.4257703
 0.4369748
 0.4393091
 0.4467787
 0.4593838
 0.4649860
 0.4827264
 0.4878618
 0.4878618
 0.4915966
 0.4981326
 0.5018674
 0.5060691
 0.5154062
 0.5196078
 0.5210084
 0.5219421
 0.5224090
 0.5224090
 0.5224090
 0.5354809
 0.5784314
 0.5784314
 0.6027077
 0.6059757
 0.6120448
 0.6139122
 0.6199813
 0.6213819
 0.6246499
 0.6269841
 0.6545285
 0.6610644
 0.6643324
 0.6643324
 0.6722689
 0.6722689
 0.6769374
 0.6778711
 0.6956116
 0.6965453
 0.7329599
 0.7329599
 0.7334267
 0.7334267
 0.7497666
 0.7497666
 0.7628385
 0.7628385
 0.7875817
 0.7880486
 0.7899160
 0.7899160
 0.8590103
 0.8590103
 0.8744164
 0.8744164
 0.8940243
 0.8944911
 0.8958917
 0.8958917
 0.9038282
 0.9038282
 0.9159664
 0.9159664
 0.9201681
 0.9201681
 0.9225023
 0.9225023
 0.9234360
 0.9234360
 0.9243697
 0.9243697
 0.9248366
 0.9248366
 0.9323063
 0.9323063
 0.9351074
 0.9351074
 0.9379085
 0.9379085
 0.9383754
 0.9383754
 0.9411765
 0.9411765
 0.9411765
 0.9411765
 0.9411765
 0.9411765
 0.9411765
 0.9411765
 0.9416433
 0.9416433
 0.9449113
 0.9449113
 0.9453782
 0.9453782
 0.9505135
 0.9505135
 0.9528478
 0.9528478
 0.9542484
 0.9542484
 0.9542484
 0.9542484
 0.9575163
 0.9575163
 0.9579832
 0.9579832
 0.9579832
 0.9579832
 0.9584500
 0.9584500
 0.9584500
 0.9584500
 0.9612512
 0.9612512
 0.9617180
 0.9617180
 0.9626517
 0.9626517
 0.9626517
 0.9626517
 0.9626517
 0.9626517
 0.9626517
 0.9626517
 0.9626517
 0.9626517
 0.9635854
 0.9635854
 0.9635854
 0.9635854
 0.9635854
 0.9635854
 0.9635854
 0.9635854
 0.9645191
 0.9645191
 0.9649860
 0.9649860
 0.9659197
 0.9659197
 0.9659197
 0.9659197
 0.9659197
 0.9659197
 0.9659197
 0.9659197
 0.9668534
 0.9668534
 0.9668534
 0.9668534
 0.9668534
 0.9668534
 0.9668534
 0.9668534
 0.9668534
 0.9668534
 0.9668534
 0.9668534
 0.9673203
 0.9673203
 0.9673203
 0.9673203
 0.9677871
 0.9677871
 0.9682540
 0.9682540
 0.9701214
 0.9701214
 0.9715219
 0.9715219
 0.9719888
 0.9719888
 0.9719888
 0.9719888
 0.9719888
 0.9719888
 0.9719888
 0.9719888
 0.9724556
 0.9724556
 0.9729225
 0.9729225
 0.9729225
 0.9729225
 0.9729225
 0.9729225
 0.9729225
 0.9729225
 0.9729225
 0.9729225
 0.9729225
 0.9729225
 0.9733894
 0.9733894
 0.9738562
 0.9738562
 0.9738562
 0.9738562
 0.9738562
 0.9738562
 0.9743231
 0.9743231
 0.9747899
 0.9747899
 0.9747899
 0.9747899
 0.9747899
 0.9747899
 0.9747899
 0.9747899
 0.9747899
 0.9747899
 0.9752568
 0.9752568
 0.9752568
 0.9752568
 0.9752568
 0.9752568
 0.9752568
 0.9752568
 0.9752568
 0.9752568
 0.9752568
 0.9752568
 0.9752568
 0.9752568
 0.9757236
 0.9757236
 0.9757236
 0.9757236
 0.9761905
 0.9761905
 0.9761905
 0.9761905
 0.9761905
 0.9766573
 0.9771242
 0.9771242
 0.9775910
 0.9775910
 0.9775910
 0.9775910
 0.9775910
 0.9775910
 0.9775910
 0.9775910
 0.9775910
 0.9775910
 0.9775910
 0.9775910
 0.9775910
 0.9775910
 0.9775910
 0.9775910
 0.9780579
 0.9780579
 0.9780579
 0.9780579
 0.9780579
 0.9780579
 0.9780579
 0.9780579
 0.9780579
 0.9780579
 0.9780579
 0.9780579
 0.9780579
 0.9780579
 0.9780579
 0.9780579
 0.9785247
 0.9785247
 0.9794585
 0.9794585
 0.9794585
 0.9794585
 0.9794585
 0.9794585
 0.9794585
 0.9794585
 0.9794585
 0.9794585
 0.9794585
 0.9794585
 0.9794585
 0.9794585
 0.9794585
 0.9794585
 0.9794585
 0.9794585
 0.9803922
 0.9803922
 0.9803922
 0.9803922
 0.9808590
 0.9808590
 0.9808590
 0.9808590
 0.9808590
 0.9808590
 0.9813259
 0.9813259
 0.9817927
 0.9817927
 0.9817927
 0.9817927
 0.9817927
 0.9817927
 0.9817927
 0.9817927
 0.9817927
 0.9817927
 0.9822596
 0.9822596
 0.9822596
 0.9822596
 0.9822596
 0.9822596
 0.9822596
 0.9822596
 0.9827264
 0.9827264
 0.9831933
 0.9831933
 0.9836601
 0.9836601
 0.9841270
 0.9841270
 0.9841270
 0.9841270
 0.9841270
 0.9841270
 0.9841270
 0.9841270
 0.9855275
 0.9855275
 0.9855275
 0.9855275
 0.9859944
 0.9859944
 0.9859944
 0.9859944
 0.9859944
 0.9859944
 0.9859944
 0.9859944
 0.9859944
 0.9859944
 0.9859944
 0.9859944
 0.9859944
 0.9859944
 0.9864613
 0.9864613
 0.9864613
 0.9864613
 0.9864613
 0.9864613
 0.9864613
 0.9864613
 0.9864613
 0.9864613
 0.9864613
 0.9864613
 0.9864613
 0.9864613
 0.9864613
 0.9864613
 0.9864613
 0.9864613
 0.9864613
 0.9864613
 0.9864613
 0.9864613
 0.9864613
 0.9864613
 0.9864613
 0.9864613
 0.9864613
 0.9864613
 0.9864613
 0.9864613
 0.9864613
 0.9864613
 0.9869281
 0.9869281
 0.9869281
 0.9869281
 0.9869281
 0.9869281
 0.9869281
 0.9869281
 0.9869281
 0.9869281
 0.9869281
 0.9869281
 0.9873950
 0.9873950
 0.9873950
 0.9873950
 0.9873950
 0.9873950
 0.9873950
 0.9873950
 0.9873950
 0.9873950
 0.9873950
 0.9873950
 0.9873950
 0.9873950
 0.9878618
 0.9878618
 0.9883287
 0.9883287
 0.9892624
 0.9892624
 0.9897292
 0.9897292
 0.9901961
 0.9901961
 0.9901961
 0.9901961
 0.9901961
 0.9901961
 0.9901961
 0.9901961
 0.9901961
 0.9901961
 0.9901961
 0.9901961
 0.9901961
 0.9901961
 0.9901961
 0.9901961
 0.9901961
 0.9901961
 0.9901961
 0.9901961
 0.9906629
 0.9906629
 0.9906629
 0.9906629
 0.9906629
 0.9906629
 0.9906629
 0.9906629
 0.9906629
 0.9906629
 0.9906629
 0.9906629
 0.9906629
 0.9906629
 0.9906629
 0.9906629
 0.9906629
 0.9906629
 0.9906629
 0.9906629
 0.9906629
 0.9906629
 0.9906629
 0.9906629
 0.9906629
 0.9906629
 0.9906629
 0.9906629
 0.9906629
 0.9906629
 0.9906629
 0.9906629
 0.9906629
 0.9906629
 0.9906629
 0.9906629
 0.9911298
 0.9911298
 0.9911298
 0.9911298
 0.9911298
 0.9911298
 0.9911298
 0.9911298
 0.9915966
 0.9915966
 0.9915966
 0.9915966
 0.9915966
 0.9915966
 0.9915966
 0.9915966
 0.9915966
 0.9915966
 0.9915966
 0.9915966
 0.9915966
 0.9915966
 0.9915966
 0.9915966
 0.9915966
 0.9915966
 0.9920635
 0.9920635
 0.9920635
 0.9920635
 0.9920635
 0.9920635
 0.9920635
 0.9920635
 0.9920635
 0.9920635
 0.9920635
 0.9920635
 0.9920635
 0.9920635
 0.9920635
 0.9920635
 0.9920635
 0.9920635
 0.9920635
 0.9920635
 0.9925303
 0.9925303
 0.9925303
 0.9925303
 0.9925303
 0.9925303
 0.9925303
 0.9925303
 0.9925303
 0.9925303
 0.9925303
 0.9925303
 0.9925303
 0.9925303
 0.9925303
 0.9925303
 0.9925303
 0.9925303
 0.9925303
 0.9925303
 0.9925303
 0.9925303
 0.9925303
 0.9925303
 0.9925303
 0.9925303
 0.9939309
 0.9939309
 0.9939309
 0.9939309
 0.9943978
 0.9943978
 0.9943978
 0.9943978
 0.9943978
 0.9943978
 0.9943978
 0.9943978
 0.9943978
 0.9943978
 0.9943978
 0.9943978
 0.9943978
 0.9943978
 0.9943978
 0.9943978
 0.9943978
 0.9943978
 0.9943978
 0.9943978
 0.9943978
 0.9943978
 0.9943978
 0.9943978
 0.9943978
 0.9943978
 0.9943978
 0.9943978
 0.9943978
 0.9943978
 0.9943978
 0.9943978
 0.9943978
 0.9943978
 0.9943978
 0.9943978
 0.9943978
 0.9943978
 0.9943978
 0.9943978
 0.9943978
 0.9943978
 0.9943978
 0.9943978
 0.9943978
 0.9943978
 0.9943978
 0.9943978
 0.9943978
 0.9943978
 0.9943978
 0.9943978
 0.9943978
 0.9943978
 0.9943978
 0.9943978
 0.9943978
 0.9943978
 0.9943978
 0.9943978
 0.9943978
 0.9943978
 0.9943978
 0.9943978
 0.9943978
 0.9943978
 0.9943978
 0.9943978
 0.9943978
 0.9943978
 0.9943978
 0.9943978
 0.9943978
 0.9943978
 0.9943978
 0.9943978
 0.9943978
 0.9943978
 0.9943978
 0.9943978
 0.9943978
 0.9943978
 0.9943978
 0.9943978
 0.9943978
 0.9943978
 0.9943978
 0.9943978
 0.9943978
 0.9943978
 0.9943978
 0.9943978
 0.9943978
 0.9943978
 0.9943978
 0.9943978
 0.9943978
 0.9943978
 0.9943978
 0.9943978
 0.9943978
 0.9943978
 0.9943978
 0.9943978
 0.9943978
 0.9943978
 0.9943978
 0.9943978
 0.9943978
 0.9943978
 0.9943978
 0.9943978
 0.9943978
 0.9943978
 0.9943978
 0.9943978
 0.9943978
 0.9943978
 0.9943978
 0.9943978
 0.9943978
 0.9943978
 0.9948646
 0.9948646
 0.9948646
 0.9948646
 0.9948646
 0.9948646
 0.9948646
 0.9948646
 0.9948646
 0.9948646
 0.9948646
 0.9948646
 0.9948646
 0.9948646
 0.9948646
 0.9948646
 0.9948646
 0.9948646
 0.9948646
 0.9948646
 0.9948646
 0.9948646
 0.9948646
 0.9948646
 0.9953315
 0.9953315
 0.9953315
 0.9953315
 0.9953315
 0.9953315
 0.9953315
 0.9953315
 0.9953315
 0.9953315
 0.9953315
 0.9953315
 0.9953315
 0.9953315
 0.9953315
 0.9953315
 0.9953315
 0.9953315
 0.9953315
 0.9953315
 0.9957983
 0.9957983
 0.9957983
 0.9957983
 0.9957983
 0.9957983
 0.9957983
 0.9957983
 0.9957983
 0.9957983
 0.9957983
 0.9957983
 0.9957983
 0.9957983
 0.9957983
 0.9957983
 0.9962652
 0.9962652
 0.9962652
 0.9962652
 0.9962652
 0.9962652
 0.9962652
 0.9962652
 0.9962652
 0.9962652
 0.9962652
 0.9962652
 0.9962652
 0.9962652
 0.9962652
 0.9962652
 0.9962652
 0.9962652
 0.9967320
 0.9967320
 0.9967320
 0.9967320
 0.9967320
 0.9967320
 0.9967320
 0.9967320
 0.9967320
 0.9967320
 0.9967320
 0.9967320
 0.9967320
 0.9967320
 0.9967320
 0.9967320
 0.9967320
 0.9967320
 0.9967320
 0.9967320
 0.9967320
 0.9967320
 0.9967320
 0.9967320
 0.9967320
 0.9967320
 0.9967320
 0.9967320
 0.9967320
 0.9967320
 0.9967320
 0.9967320
 0.9967320
 0.9967320
 0.9967320
 0.9967320
 0.9967320
 0.9967320
 0.9967320
 0.9967320
 0.9967320
 0.9967320
 0.9967320
 0.9967320
 0.9967320
 0.9967320
 0.9967320
 0.9967320
 0.9967320
 0.9967320
 0.9967320
 0.9967320
 0.9967320
 0.9967320
 0.9967320
 0.9967320
 0.9967320
 0.9967320
 0.9967320
 0.9967320
 0.9967320
 0.9967320
 0.9967320
 0.9967320
 0.9967320
 0.9967320
 0.9967320
 0.9967320
 0.9967320
 0.9967320
 0.9967320
 0.9967320
 0.9967320
 0.9967320
 0.9967320
 0.9967320
 0.9967320
 0.9967320
 0.9967320
 0.9967320
 0.9967320
 0.9967320
 0.9967320
 0.9967320
 0.9967320
 0.9967320
 0.9967320
 0.9967320
 0.9967320
 0.9967320
 0.9967320
 0.9967320
 0.9967320
 0.9967320
 0.9967320
 0.9967320
 0.9967320
 0.9967320
 0.9967320
 0.9967320
 0.9967320
 0.9967320
 0.9967320
 0.9967320
 0.9967320
 0.9967320
 0.9967320
 0.9967320
 0.9967320
 0.9967320
 0.9967320
 0.9967320
 0.9967320
 0.9967320
 0.9967320
 0.9967320
 0.9967320
 0.9967320
 0.9967320
 0.9967320
 0.9967320
 0.9967320
 0.9967320
 0.9967320
 0.9967320
 0.9967320
 0.9967320
 0.9967320
 0.9967320
 0.9967320
 0.9967320
 0.9967320
 0.9967320
 0.9967320
 0.9967320
 0.9967320
 0.9967320
 0.9967320
 0.9967320
 0.9967320
 0.9967320
 0.9967320
 0.9967320
 0.9967320
 0.9967320
 0.9967320
 0.9967320
 0.9967320
 0.9967320
 0.9967320
 0.9967320
 0.9967320
 0.9967320
 0.9967320
 0.9967320
 0.9967320
 0.9967320
 0.9967320
 0.9967320
 0.9967320
 0.9967320
 0.9967320
 0.9967320
 0.9967320
 0.9967320
 0.9967320
 0.9967320
 0.9967320
 0.9967320
 0.9967320
 0.9967320
 0.9967320
 0.9967320
 0.9967320
 0.9967320
 0.9967320
 0.9967320
 0.9967320
 0.9967320
 0.9967320
 0.9967320
 0.9967320
 0.9967320
 0.9967320
 0.9967320
 0.9967320
 0.9967320
 0.9967320
 0.9967320
 0.9967320
 0.9967320
 0.9967320
 0.9967320
 0.9967320
 0.9967320
 0.9967320
 0.9967320
 0.9967320
 0.9967320
 0.9967320
 0.9967320
 0.9967320
 0.9967320
 0.9967320
 0.9967320
 0.9967320
 0.9967320
 0.9967320
 0.9967320
 0.9967320
 0.9967320
 0.9967320
 0.9967320
 0.9967320
 0.9967320
 0.9967320
 0.9967320
 0.9967320
 0.9967320
 0.9967320
 0.9967320
 0.9967320
 0.9967320
 0.9967320
 0.9967320
 0.9967320
 0.9967320
 0.9967320
 0.9967320
 0.9967320
 0.9967320
 0.9967320
 0.9967320
 0.9967320
 0.9967320
 0.9967320
 0.9967320
 0.9967320
 0.9967320
 0.9967320
 0.9967320
 0.9967320
 0.9967320
 0.9967320
 0.9967320
 0.9967320
 0.9971989
 0.9971989
 0.9971989
 0.9971989
 0.9971989
 0.9971989
 0.9971989
 0.9971989
 0.9971989
 0.9971989
 0.9971989
 0.9971989
 0.9971989
 0.9971989
 0.9971989
 0.9971989
 0.9971989
 0.9971989
 0.9971989
 0.9971989
 0.9971989
 0.9971989
 0.9971989
 0.9971989
 0.9971989
 0.9971989
 0.9971989
 0.9971989
 0.9971989
 0.9971989
 0.9971989
 0.9971989
 0.9971989
 0.9971989
 0.9971989
 0.9971989
 0.9971989
 0.9971989
 0.9976657
 0.9976657
 0.9976657
 0.9976657
 0.9976657
 0.9976657
 0.9976657
 0.9976657
 0.9976657
 0.9976657
 0.9976657
 0.9976657
 0.9976657
 0.9976657
 0.9976657
 0.9976657
 0.9976657
 0.9976657
 0.9976657
 0.9976657
 0.9976657
 0.9976657
 0.9976657
 0.9976657
 0.9976657
 0.9976657
 0.9976657
 0.9976657
 0.9976657
 0.9976657
 0.9976657
 0.9976657
 0.9976657
 0.9976657
 0.9976657
 0.9976657
 0.9976657
 0.9976657
 0.9976657
 0.9976657
 0.9981326
 0.9981326
 0.9981326
 0.9981326
 0.9981326
 0.9981326
 0.9981326
 0.9981326
 0.9981326
 0.9981326
 0.9981326
 0.9981326
 0.9981326
 0.9981326
 0.9981326
 0.9981326
 0.9981326
 0.9981326
 0.9981326
 0.9981326
 0.9981326
 0.9981326
 0.9981326
 0.9981326
 0.9981326
 0.9981326
 0.9981326
 0.9981326
 0.9981326
 0.9981326
 0.9981326
 0.9981326
 0.9981326
 0.9981326
 0.9981326
 0.9981326
 0.9981326
 0.9981326
 0.9981326
 0.9981326
 0.9981326
 0.9981326
 0.9981326
 0.9981326
 0.9981326
 0.9981326
 0.9981326
 0.9981326
 0.9981326
 0.9981326
 0.9981326
 0.9981326
 0.9981326
 0.9981326
 0.9981326
 0.9981326
 0.9981326
 0.9981326
 0.9981326
 0.9981326
 0.9985994
 0.9985994
 0.9985994
 0.9985994
 0.9985994
 0.9985994
 0.9985994
 0.9985994
 0.9985994
 0.9985994
 0.9985994
 0.9985994
 0.9985994
 0.9985994
 0.9985994
 0.9985994
 0.9985994
 0.9985994
 0.9985994
 0.9985994
 0.9985994
 0.9985994
 0.9985994
 0.9985994
 0.9985994
 0.9985994
 0.9985994
 0.9985994
 0.9985994
 0.9985994
 0.9985994
 0.9985994
 0.9985994
 0.9985994
 0.9985994
 0.9985994
 0.9985994
 0.9985994
 0.9985994
 0.9985994
 0.9985994
 0.9985994
 0.9985994
 0.9985994
 0.9985994
 0.9985994
 0.9985994
 0.9985994
 0.9985994
 0.9985994
 0.9985994
 0.9985994
 0.9985994
 0.9985994
 0.9985994
 0.9985994
 0.9985994
 0.9985994
 0.9985994
 0.9985994
 0.9985994
 0.9985994
 0.9985994
 0.9985994
 0.9985994
 0.9985994
 0.9985994
 0.9985994
 0.9985994
 0.9985994
 0.9985994
 0.9985994
 0.9985994
 0.9985994
 0.9985994
 0.9985994
 0.9985994
 0.9985994
 0.9985994
 0.9985994
 0.9985994
 0.9985994
 0.9985994
 0.9985994
 0.9985994
 0.9985994
 0.9985994
 0.9985994
 0.9985994
 0.9985994
 0.9985994
 0.9985994
 0.9985994
 0.9985994
 0.9985994
 0.9985994
 0.9985994
 0.9985994
 0.9985994
 0.9985994
 0.9985994
 0.9985994
 0.9985994
 0.9990663
 0.9990663
 0.9990663
 0.9990663
 0.9990663
 0.9990663
 0.9990663
 0.9990663
 0.9990663
 0.9990663
 0.9990663
 0.9990663
 0.9990663
 0.9990663
 0.9990663
 0.9990663
 0.9990663
 0.9995331
 0.9995331
 0.9995331
 0.9995331
 0.9995331
 0.9995331
 0.9995331
 0.9995331
 0.9995331
 0.9995331
 0.9995331
 0.9995331
 0.9995331
 0.9995331
 0.9995331
 0.9995331
 0.9995331
 0.9995331
 0.9995331
 0.9995331
 0.9995331
 0.9995331
 0.9995331
 0.9995331
 0.9995331
 0.9995331
 0.9995331
 0.9995331
 0.9995331
 0.9995331
 0.9995331
 0.9995331
 0.9995331
 0.9995331
 0.9995331
 0.9995331
 0.9995331
 0.9995331
 0.9995331
 0.9995331
 0.9995331
 0.9995331
 0.9995331
 0.9995331
 0.9995331
 0.9995331
 0.9995331
 0.9995331
 0.9995331
 0.9995331
 0.9995331
 0.9995331
 0.9995331
 0.9995331
 0.9995331
 0.9995331
 0.9995331
 0.9995331
 0.9995331
 0.9995331
 0.9995331
 0.9995331
 0.9995331
 0.9995331
 0.9995331
 0.9995331
 0.9995331
 0.9995331
 0.9995331
 0.9995331
 0.9995331
 0.9995331
 0.9995331
 0.9995331
 0.9995331
 0.9995331
 0.9995331
 0.9995331
 0.9995331
 0.9995331
 0.9995331
 0.9995331
 0.9995331
 0.9995331
 0.9995331
 0.9995331
 0.9995331
 0.9995331
 0.9995331
 0.9995331
 0.9995331
 0.9995331
 1.0000000
 1.0000000
 1.0000000
 1.0000000
 1.0000000
 1.0000000
 1.0000000
 1.0000000
 1.0000000
 1.0000000
 1.0000000
 1.0000000
 1.0000000
 1.0000000
 1.0000000
 1.0000000
 1.0000000
 1.0000000
 1.0000000
 1.0000000
 1.0000000
 1.0000000
 1.0000000
 1.0000000
 1.0000000
 1.0000000
 1.0000000
 1.0000000
 1.0000000
 1.0000000
 1.0000000
 1.0000000
 1.0000000
 1.0000000
 1.0000000
 1.0000000
 1.0000000
 1.0000000
 1.0000000
 1.0000000
 1.0000000
 1.0000000
 1.0000000
 1.0000000
 1.0000000
 1.0000000
 1.0000000
 1.0000000
 1.0000000
 1.0000000
 1.0000000
 1.0000000
 1.0000000
 1.0000000
 1.0000000
 1.0000000
 1.0000000
 1.0000000
 1.0000000
 1.0000000
 1.0000000
 1.0000000
 1.0000000
 1.0000000
 1.0000000
 1.0000000
 1.0000000
 1.0000000
 1.0000000
 1.0000000
 1.0000000
 1.0000000
 1.0000000
 1.0000000
 1.0000000
 1.0000000
 1.0000000
 1.0000000
 1.0000000
 1.0000000
 1.0000000
 1.0000000
 1.0000000
 1.0000000
 1.0000000
