 0.0000000
 0.0000000
 0.0000000
 0.0000000
 0.0000000
 0.0000000
 0.0000000
 0.0000000
 0.0000000
 0.0000000
 0.0000000
 0.0000000
 0.0000000
 0.0000000
 0.0000000
 0.0000000
 0.0000000
 0.0000000
 0.0000000
 0.0000000
 0.0000000
 0.0000000
 0.0000000
 0.0000000
 0.0000000
 0.0000000
 0.0000000
 0.0000000
 0.0000000
 0.0000000
 0.0000000
 0.0000000
 0.0000000
 0.0117825
 0.0121715
 0.0477828
 0.0477828
 0.1198221
 0.1202150
 0.1731137
 0.1739785
 0.2134655
 0.2168644
 0.2269485
 0.2272325
 0.2945890
 0.3002058
 0.3483555
 0.3483555
 0.3483555
 0.3506813
 0.3635437
 0.3655445
 0.3687230
 0.3780321
 0.3788071
 0.3805967
 0.3962072
 0.4010616
 0.4245194
 0.4329812
 0.4352397
 0.4423470
 0.4543251
 0.4602154
 0.4791990
 0.4837967
 0.4841001
 0.4881376
 0.4926228
 0.4973513
 0.5014627
 0.5133071
 0.5154868
 0.5195735
 0.5212353
 0.5215855
 0.5220095
 0.5223389
 0.5336919
 0.5765378
 0.5771291
 0.6015161
 0.6049612
 0.6097216
 0.6114489
 0.6162627
 0.6178520
 0.6202640
 0.6218150
 0.6512404
 0.6555432
 0.6583221
 0.6585944
 0.6659061
 0.6660928
 0.6734945
 0.6742571
 0.6899297
 0.6901165
 0.7297495
 0.7297495
 0.7306365
 0.7307921
 0.7452954
 0.7453888
 0.7617862
 0.7617862
 0.7856262
 0.7859063
 0.7876752
 0.7876752
 0.8568369
 0.8568369
 0.8712164
 0.8713331
 0.8918716
 0.8921050
 0.8931528
 0.8931528
 0.8997769
 0.8997769
 0.9133651
 0.9133651
 0.9170156
 0.9171324
 0.9191709
 0.9191709
 0.9210617
 0.9210617
 0.9225463
 0.9225463
 0.9232466
 0.9232466
 0.9314728
 0.9314728
 0.9349052
 0.9349052
 0.9375235
 0.9375235
 0.9379545
 0.9379545
 0.9401410
 0.9401410
 0.9407634
 0.9407634
 0.9407634
 0.9407634
 0.9410902
 0.9410902
 0.9421477
 0.9421477
 0.9445403
 0.9445403
 0.9459175
 0.9459175
 0.9499140
 0.9499140
 0.9511201
 0.9511201
 0.9532038
 0.9532038
 0.9532038
 0.9532038
 0.9559274
 0.9559274
 0.9565732
 0.9565732
 0.9567599
 0.9567599
 0.9570711
 0.9570711
 0.9571879
 0.9571879
 0.9582538
 0.9582538
 0.9583472
 0.9583472
 0.9593276
 0.9593276
 0.9593276
 0.9593276
 0.9593276
 0.9593276
 0.9593276
 0.9593276
 0.9593276
 0.9593276
 0.9598411
 0.9598411
 0.9599968
 0.9599968
 0.9601524
 0.9601524
 0.9605764
 0.9605764
 0.9608099
 0.9608099
 0.9613273
 0.9613273
 0.9622921
 0.9622921
 0.9631869
 0.9631869
 0.9634359
 0.9634359
 0.9635526
 0.9635526
 0.9643782
 0.9643782
 0.9646116
 0.9646116
 0.9649955
 0.9649955
 0.9649955
 0.9649955
 0.9654592
 0.9654592
 0.9654592
 0.9654592
 0.9663758
 0.9663758
 0.9669360
 0.9669360
 0.9681557
 0.9681557
 0.9682724
 0.9682724
 0.9703665
 0.9703665
 0.9708800
 0.9708800
 0.9714869
 0.9714869
 0.9714869
 0.9714869
 0.9716425
 0.9716425
 0.9716425
 0.9716425
 0.9719460
 0.9719460
 0.9727941
 0.9727941
 0.9730275
 0.9730275
 0.9737434
 0.9737434
 0.9737434
 0.9737434
 0.9744826
 0.9744826
 0.9744826
 0.9744826
 0.9752295
 0.9752295
 0.9755563
 0.9755563
 0.9755563
 0.9755563
 0.9755563
 0.9755563
 0.9760621
 0.9760621
 0.9767624
 0.9767624
 0.9767624
 0.9767624
 0.9769180
 0.9769180
 0.9770736
 0.9770736
 0.9770736
 0.9770736
 0.9773070
 0.9773070
 0.9774108
 0.9774108
 0.9774108
 0.9774108
 0.9774108
 0.9774108
 0.9774108
 0.9774108
 0.9774108
 0.9774108
 0.9775041
 0.9776598
 0.9779088
 0.9779088
 0.9779866
 0.9779866
 0.9784690
 0.9784690
 0.9784690
 0.9784690
 0.9784690
 0.9786246
 0.9792237
 0.9792237
 0.9793015
 0.9793015
 0.9794572
 0.9794572
 0.9795447
 0.9795447
 0.9795447
 0.9795447
 0.9795447
 0.9795447
 0.9795447
 0.9795447
 0.9795447
 0.9795447
 0.9795447
 0.9795447
 0.9801360
 0.9801360
 0.9805017
 0.9805017
 0.9805017
 0.9805017
 0.9805017
 0.9805017
 0.9805017
 0.9805017
 0.9805017
 0.9805017
 0.9806185
 0.9806185
 0.9806185
 0.9806185
 0.9812176
 0.9812176
 0.9818790
 0.9818790
 0.9818790
 0.9818790
 0.9822680
 0.9822680
 0.9822680
 0.9822680
 0.9822680
 0.9822680
 0.9822680
 0.9822680
 0.9822680
 0.9822680
 0.9822680
 0.9822680
 0.9825170
 0.9825170
 0.9827660
 0.9827660
 0.9827660
 0.9827660
 0.9830383
 0.9830383
 0.9830383
 0.9830383
 0.9830383
 0.9830383
 0.9832717
 0.9832717
 0.9833593
 0.9833593
 0.9834630
 0.9834630
 0.9834630
 0.9834630
 0.9836731
 0.9836731
 0.9839454
 0.9839454
 0.9841555
 0.9841555
 0.9842489
 0.9842489
 0.9842489
 0.9842489
 0.9843423
 0.9843423
 0.9852448
 0.9852448
 0.9854005
 0.9854005
 0.9855561
 0.9855561
 0.9857532
 0.9857532
 0.9857532
 0.9857532
 0.9859088
 0.9859088
 0.9859088
 0.9859088
 0.9866480
 0.9866480
 0.9868036
 0.9868036
 0.9869592
 0.9869592
 0.9869592
 0.9869592
 0.9870759
 0.9870759
 0.9870759
 0.9870759
 0.9870759
 0.9870759
 0.9870759
 0.9870759
 0.9870993
 0.9870993
 0.9872860
 0.9872860
 0.9873094
 0.9873094
 0.9873094
 0.9873094
 0.9875195
 0.9875195
 0.9875195
 0.9875195
 0.9875195
 0.9875195
 0.9875195
 0.9875195
 0.9875195
 0.9875195
 0.9875195
 0.9875195
 0.9875195
 0.9875195
 0.9875195
 0.9875195
 0.9875195
 0.9875195
 0.9875195
 0.9875195
 0.9875195
 0.9875195
 0.9875195
 0.9875195
 0.9875195
 0.9875195
 0.9878462
 0.9878462
 0.9878462
 0.9878462
 0.9878462
 0.9878462
 0.9878462
 0.9878462
 0.9878462
 0.9878462
 0.9879630
 0.9879630
 0.9882120
 0.9882120
 0.9882120
 0.9882120
 0.9883053
 0.9883053
 0.9883987
 0.9883987
 0.9885543
 0.9885543
 0.9885543
 0.9885543
 0.9885543
 0.9885543
 0.9890212
 0.9890212
 0.9891379
 0.9891379
 0.9894102
 0.9894102
 0.9896436
 0.9896436
 0.9901261
 0.9901261
 0.9903595
 0.9903595
 0.9903595
 0.9903595
 0.9903595
 0.9903595
 0.9903595
 0.9903595
 0.9903595
 0.9903595
 0.9903595
 0.9903595
 0.9903595
 0.9903595
 0.9903595
 0.9903595
 0.9903595
 0.9903595
 0.9904762
 0.9904762
 0.9904762
 0.9904762
 0.9906318
 0.9906318
 0.9907252
 0.9907252
 0.9907252
 0.9907252
 0.9910753
 0.9910753
 0.9912309
 0.9912309
 0.9912309
 0.9912309
 0.9912309
 0.9912309
 0.9913243
 0.9913243
 0.9913243
 0.9913243
 0.9915577
 0.9915577
 0.9915577
 0.9915577
 0.9915577
 0.9915577
 0.9915577
 0.9915577
 0.9915577
 0.9915577
 0.9915577
 0.9915577
 0.9915577
 0.9915577
 0.9917134
 0.9917134
 0.9918067
 0.9918067
 0.9918067
 0.9918067
 0.9918067
 0.9918067
 0.9920401
 0.9920401
 0.9920401
 0.9920401
 0.9920401
 0.9920401
 0.9920401
 0.9920401
 0.9920401
 0.9920401
 0.9920401
 0.9920401
 0.9920401
 0.9920401
 0.9920401
 0.9920401
 0.9920401
 0.9920401
 0.9922736
 0.9922736
 0.9922736
 0.9922736
 0.9922736
 0.9922736
 0.9922736
 0.9922736
 0.9922736
 0.9922736
 0.9922736
 0.9922736
 0.9922736
 0.9922736
 0.9922736
 0.9922736
 0.9922736
 0.9922736
 0.9922736
 0.9922736
 0.9923903
 0.9923903
 0.9923903
 0.9923903
 0.9923903
 0.9923903
 0.9923903
 0.9923903
 0.9923903
 0.9923903
 0.9923903
 0.9923903
 0.9923903
 0.9923903
 0.9923903
 0.9923903
 0.9923903
 0.9923903
 0.9923903
 0.9923903
 0.9923903
 0.9923903
 0.9923903
 0.9923903
 0.9925459
 0.9925459
 0.9930517
 0.9930517
 0.9931217
 0.9931217
 0.9933551
 0.9933551
 0.9934485
 0.9934485
 0.9934485
 0.9934485
 0.9934485
 0.9934485
 0.9934485
 0.9934485
 0.9934485
 0.9934485
 0.9934485
 0.9934485
 0.9934485
 0.9934485
 0.9934485
 0.9934485
 0.9934485
 0.9934485
 0.9934485
 0.9934485
 0.9934485
 0.9934485
 0.9934485
 0.9934485
 0.9934485
 0.9934485
 0.9934485
 0.9934485
 0.9936041
 0.9936041
 0.9936041
 0.9936041
 0.9936041
 0.9936041
 0.9936041
 0.9936041
 0.9936041
 0.9936041
 0.9936041
 0.9936041
 0.9936041
 0.9936041
 0.9936041
 0.9936041
 0.9936041
 0.9936041
 0.9936041
 0.9936041
 0.9936041
 0.9936041
 0.9936041
 0.9936041
 0.9936041
 0.9936041
 0.9936041
 0.9936041
 0.9936041
 0.9936041
 0.9937597
 0.9937597
 0.9937597
 0.9937597
 0.9937597
 0.9937597
 0.9937597
 0.9937597
 0.9937597
 0.9937597
 0.9937597
 0.9937597
 0.9937597
 0.9937597
 0.9937597
 0.9937597
 0.9937597
 0.9937597
 0.9938764
 0.9938764
 0.9938764
 0.9938764
 0.9938764
 0.9938764
 0.9939932
 0.9939932
 0.9939932
 0.9939932
 0.9939932
 0.9939932
 0.9939932
 0.9939932
 0.9939932
 0.9939932
 0.9939932
 0.9939932
 0.9939932
 0.9939932
 0.9939932
 0.9939932
 0.9939932
 0.9939932
 0.9939932
 0.9939932
 0.9939932
 0.9939932
 0.9941099
 0.9941099
 0.9941099
 0.9941099
 0.9941099
 0.9941099
 0.9941099
 0.9941099
 0.9942655
 0.9942655
 0.9942655
 0.9942655
 0.9942655
 0.9942655
 0.9942655
 0.9942655
 0.9943589
 0.9943589
 0.9943589
 0.9943589
 0.9943589
 0.9943589
 0.9943589
 0.9943589
 0.9943589
 0.9943589
 0.9943589
 0.9943589
 0.9943589
 0.9943589
 0.9943589
 0.9943589
 0.9943589
 0.9943589
 0.9944522
 0.9944522
 0.9944522
 0.9944522
 0.9944522
 0.9944522
 0.9946078
 0.9946078
 0.9946078
 0.9946078
 0.9946078
 0.9946078
 0.9946078
 0.9946078
 0.9946078
 0.9946078
 0.9946078
 0.9946078
 0.9946078
 0.9946078
 0.9946078
 0.9946078
 0.9946078
 0.9946078
 0.9946078
 0.9946078
 0.9947012
 0.9947012
 0.9947012
 0.9947012
 0.9949735
 0.9949735
 0.9949735
 0.9949735
 0.9949735
 0.9949735
 0.9949735
 0.9949735
 0.9949735
 0.9949735
 0.9949735
 0.9949735
 0.9952459
 0.9952459
 0.9952459
 0.9952459
 0.9952459
 0.9952459
 0.9952459
 0.9952459
 0.9952459
 0.9952459
 0.9953859
 0.9953859
 0.9953859
 0.9953859
 0.9953859
 0.9953859
 0.9953859
 0.9953859
 0.9955415
 0.9955415
 0.9955415
 0.9955415
 0.9955415
 0.9955415
 0.9955415
 0.9955415
 0.9955415
 0.9955415
 0.9956583
 0.9956583
 0.9956583
 0.9956583
 0.9956583
 0.9956583
 0.9956583
 0.9956583
 0.9956583
 0.9956583
 0.9956583
 0.9956583
 0.9956583
 0.9956583
 0.9957049
 0.9957049
 0.9957049
 0.9957049
 0.9957049
 0.9957049
 0.9957049
 0.9957049
 0.9957049
 0.9957049
 0.9959773
 0.9959773
 0.9959773
 0.9959773
 0.9959773
 0.9959773
 0.9959773
 0.9959773
 0.9959773
 0.9959773
 0.9959773
 0.9959773
 0.9959773
 0.9959773
 0.9959773
 0.9959773
 0.9959773
 0.9959773
 0.9959773
 0.9959773
 0.9959773
 0.9959773
 0.9959773
 0.9959773
 0.9961329
 0.9961329
 0.9961329
 0.9961329
 0.9961329
 0.9961329
 0.9962496
 0.9962496
 0.9962496
 0.9962496
 0.9962496
 0.9962496
 0.9964830
 0.9964830
 0.9964830
 0.9964830
 0.9964830
 0.9964830
 0.9964830
 0.9964830
 0.9964830
 0.9964830
 0.9964830
 0.9964830
 0.9964830
 0.9964830
 0.9964830
 0.9964830
 0.9964830
 0.9964830
 0.9964830
 0.9964830
 0.9966387
 0.9966387
 0.9966387
 0.9966387
 0.9966387
 0.9966387
 0.9966387
 0.9966387
 0.9966387
 0.9966387
 0.9966387
 0.9966387
 0.9966387
 0.9966387
 0.9966387
 0.9966387
 0.9967554
 0.9967554
 0.9967554
 0.9967554
 0.9967554
 0.9967554
 0.9967554
 0.9967554
 0.9967554
 0.9967554
 0.9968487
 0.9968487
 0.9968487
 0.9968487
 0.9968487
 0.9968487
 0.9968487
 0.9968487
 0.9968487
 0.9968487
 0.9968487
 0.9968487
 0.9968487
 0.9968487
 0.9968487
 0.9968487
 0.9968487
 0.9968487
 0.9968487
 0.9968487
 0.9968487
 0.9968487
 0.9968487
 0.9968487
 0.9968487
 0.9968487
 0.9968487
 0.9968487
 0.9968487
 0.9968487
 0.9968487
 0.9968487
 0.9968487
 0.9968487
 0.9968487
 0.9968487
 0.9969655
 0.9969655
 0.9969655
 0.9969655
 0.9969655
 0.9969655
 0.9969655
 0.9969655
 0.9969655
 0.9969655
 0.9969655
 0.9969655
 0.9969655
 0.9969655
 0.9969655
 0.9969655
 0.9969655
 0.9969655
 0.9969655
 0.9969655
 0.9969655
 0.9969655
 0.9969655
 0.9969655
 0.9969655
 0.9969655
 0.9969655
 0.9969655
 0.9969655
 0.9969655
 0.9969655
 0.9969655
 0.9969655
 0.9969655
 0.9969655
 0.9969655
 0.9969655
 0.9969655
 0.9969655
 0.9969655
 0.9969655
 0.9969655
 0.9970588
 0.9970588
 0.9970588
 0.9970588
 0.9971755
 0.9971755
 0.9971755
 0.9971755
 0.9971755
 0.9971755
 0.9971755
 0.9971755
 0.9971755
 0.9971755
 0.9971755
 0.9971755
 0.9971755
 0.9971755
 0.9971755
 0.9971755
 0.9971755
 0.9971755
 0.9971755
 0.9971755
 0.9971755
 0.9971755
 0.9972923
 0.9972923
 0.9972923
 0.9972923
 0.9972923
 0.9972923
 0.9972923
 0.9972923
 0.9972923
 0.9972923
 0.9972923
 0.9972923
 0.9972923
 0.9972923
 0.9972923
 0.9972923
 0.9972923
 0.9972923
 0.9972923
 0.9972923
 0.9972923
 0.9972923
 0.9972923
 0.9972923
 0.9972923
 0.9972923
 0.9975646
 0.9975646
 0.9975646
 0.9975646
 0.9975646
 0.9975646
 0.9975646
 0.9975646
 0.9975646
 0.9975646
 0.9975646
 0.9975646
 0.9975646
 0.9975646
 0.9975646
 0.9975646
 0.9975646
 0.9975646
 0.9975646
 0.9975646
 0.9975646
 0.9975646
 0.9975646
 0.9975646
 0.9975646
 0.9975646
 0.9975646
 0.9975646
 0.9975646
 0.9975646
 0.9975646
 0.9975646
 0.9975646
 0.9975646
 0.9975646
 0.9975646
 0.9975646
 0.9975646
 0.9976580
 0.9976580
 0.9976580
 0.9976580
 0.9976580
 0.9976580
 0.9976580
 0.9976580
 0.9976580
 0.9976580
 0.9976580
 0.9976580
 0.9976580
 0.9976580
 0.9976580
 0.9976580
 0.9976580
 0.9976580
 0.9977747
 0.9977747
 0.9977747
 0.9977747
 0.9977747
 0.9977747
 0.9977747
 0.9977747
 0.9977747
 0.9977747
 0.9977747
 0.9977747
 0.9977747
 0.9977747
 0.9977747
 0.9977747
 0.9977747
 0.9977747
 0.9977747
 0.9977747
 0.9977747
 0.9977747
 0.9979303
 0.9979303
 0.9979303
 0.9979303
 0.9979303
 0.9979303
 0.9979303
 0.9979303
 0.9979303
 0.9979303
 0.9979303
 0.9979303
 0.9979303
 0.9979303
 0.9979303
 0.9979303
 0.9979303
 0.9979303
 0.9979303
 0.9979303
 0.9979303
 0.9979303
 0.9980237
 0.9980237
 0.9980237
 0.9980237
 0.9980237
 0.9980237
 0.9980237
 0.9980237
 0.9980237
 0.9980237
 0.9980237
 0.9980237
 0.9980237
 0.9980237
 0.9980237
 0.9980237
 0.9980237
 0.9980237
 0.9980237
 0.9980237
 0.9981404
 0.9981404
 0.9981404
 0.9981404
 0.9981404
 0.9981404
 0.9981404
 0.9981404
 0.9981404
 0.9981404
 0.9981404
 0.9981404
 0.9981404
 0.9981404
 0.9981404
 0.9981404
 0.9981404
 0.9981404
 0.9982571
 0.9982571
 0.9982571
 0.9982571
 0.9982571
 0.9982571
 0.9982571
 0.9982571
 0.9982571
 0.9982571
 0.9982571
 0.9982571
 0.9982571
 0.9982571
 0.9982571
 0.9982571
 0.9982571
 0.9982571
 0.9982571
 0.9982571
 0.9982571
 0.9982571
 0.9982571
 0.9982571
 0.9982571
 0.9982571
 0.9982571
 0.9982571
 0.9982571
 0.9982571
 0.9982571
 0.9982571
 0.9982571
 0.9982571
 0.9982571
 0.9982571
 0.9982571
 0.9982571
 0.9982571
 0.9982571
 0.9982571
 0.9982571
 0.9982571
 0.9982571
 0.9982571
 0.9982571
 0.9982571
 0.9982571
 0.9982571
 0.9982571
 0.9982571
 0.9982571
 0.9982571
 0.9982571
 0.9982571
 0.9982571
 0.9982571
 0.9982571
 0.9982571
 0.9982571
 0.9983738
 0.9983738
 0.9983738
 0.9983738
 0.9983738
 0.9983738
 0.9983738
 0.9983738
 0.9983738
 0.9983738
 0.9983738
 0.9983738
 0.9983738
 0.9983738
 0.9983738
 0.9983738
 0.9983738
 0.9983738
 0.9983738
 0.9983738
 0.9983738
 0.9983738
 0.9984905
 0.9984905
 0.9984905
 0.9984905
 0.9984905
 0.9984905
 0.9984905
 0.9984905
 0.9984905
 0.9984905
 0.9984905
 0.9984905
 0.9984905
 0.9984905
 0.9984905
 0.9984905
 0.9984905
 0.9984905
 0.9984905
 0.9984905
 0.9984905
 0.9986072
 0.9986072
 0.9986072
 0.9986072
 0.9986072
 0.9986072
 0.9986072
 0.9986072
 0.9986072
 0.9987239
 0.9987239
 0.9987239
 0.9987239
 0.9987239
 0.9987239
 0.9987239
 0.9987239
 0.9988406
 0.9988406
 0.9988406
 0.9988406
 0.9988406
 0.9988406
 0.9988406
 0.9988406
 0.9988406
 0.9988406
 0.9988406
 0.9988406
 0.9988406
 0.9988406
 0.9989963
 0.9989963
 0.9989963
 0.9989963
 0.9989963
 0.9989963
 0.9989963
 0.9989963
 0.9989963
 0.9989963
 0.9989963
 0.9989963
 0.9989963
 0.9989963
 0.9989963
 0.9989963
 0.9989963
 0.9989963
 0.9989963
 0.9989963
 0.9989963
 0.9989963
 0.9989963
 0.9989963
 0.9989963
 0.9989963
 0.9989963
 0.9989963
 0.9989963
 0.9989963
 0.9989963
 0.9989963
 0.9989963
 0.9989963
 0.9989963
 0.9989963
 0.9989963
 0.9989963
 0.9989963
 0.9989963
 0.9989963
 0.9989963
 0.9989963
 0.9989963
 0.9989963
 0.9989963
 0.9989963
 0.9989963
 0.9989963
 0.9989963
 0.9989963
 0.9989963
 0.9989963
 0.9989963
 0.9989963
 0.9989963
 0.9989963
 0.9989963
 0.9990896
 0.9990896
 0.9990896
 0.9990896
 0.9990896
 0.9990896
 0.9990896
 0.9990896
 0.9991830
 0.9991830
 0.9991830
 0.9991830
 0.9991830
 0.9991830
 0.9991830
 0.9991830
 0.9991830
 0.9991830
 0.9991830
 0.9991830
 0.9994164
 0.9994164
 0.9994164
 0.9994164
 0.9995331
 0.9995331
 0.9995331
 0.9995331
 0.9995331
 0.9995331
 0.9995331
 0.9995331
 0.9995331
 0.9995331
 0.9995331
 0.9995331
 0.9995331
 0.9995331
 0.9995331
 0.9995331
 0.9995331
 0.9995331
 0.9995331
 0.9995331
 0.9995331
 0.9995331
 0.9995331
 0.9995331
 0.9995331
 0.9995331
 0.9995331
 0.9995331
 0.9995331
 0.9995331
 0.9995331
 0.9995331
 0.9995331
 0.9995331
 0.9995331
 0.9995331
 0.9995331
 0.9995331
 0.9997666
 0.9997666
 0.9997666
 0.9997666
 0.9997666
 0.9997666
 0.9997666
 0.9997666
 0.9997666
 0.9997666
 0.9997666
 0.9997666
 0.9997666
 0.9997666
 0.9997666
 0.9997666
 0.9997666
 0.9997666
 0.9997666
 0.9997666
 0.9997666
 0.9997666
 0.9997666
 0.9997666
 0.9997666
 0.9997666
 0.9997666
 0.9997666
 0.9997666
 0.9997666
 1.0000000
 1.0000000
 1.0000000
 1.0000000
 1.0000000
 1.0000000
 1.0000000
 1.0000000
 1.0000000
 1.0000000
 1.0000000
 1.0000000
 1.0000000
