 0.0000000
 0.0000000
 0.0000000
 0.0000000
 0.0000000
 0.0000000
 0.0000000
 0.0000000
 0.0000000
 0.0000000
 0.0000000
 0.0000000
 0.0000000
 0.0000000
 0.0000000
 0.0000000
 0.0000000
 0.0000000
 0.0000000
 0.0000000
 0.0000000
 0.0000000
 0.0000000
 0.0000000
 0.0000000
 0.0000000
 0.0000000
 0.0000000
 0.0000000
 0.0000000
 0.0000000
 0.0000000
 0.0000000
 0.0000000
 0.0000157
 0.0000157
 0.0000314
 0.0000314
 0.0000470
 0.0000470
 0.0000627
 0.0000627
 0.0000941
 0.0000941
 0.0001098
 0.0001098
 0.0001254
 0.0001254
 0.0001411
 0.0001411
 0.0001568
 0.0001568
 0.0001725
 0.0001725
 0.0001882
 0.0001882
 0.0002038
 0.0002038
 0.0002195
 0.0002195
 0.0002666
 0.0002666
 0.0002822
 0.0002822
 0.0002979
 0.0002979
 0.0003136
 0.0003136
 0.0003606
 0.0003606
 0.0003920
 0.0003920
 0.0004704
 0.0004704
 0.0004861
 0.0004861
 0.0005018
 0.0005018
 0.0005331
 0.0005331
 0.0007370
 0.0007370
 0.0009722
 0.0009722
 0.0010035
 0.0010035
 0.0010663
 0.0010663
 0.0010976
 0.0010976
 0.0015837
 0.0015837
 0.0016464
 0.0016464
 0.0018660
 0.0018660
 0.0020228
 0.0020228
 0.0023834
 0.0023834
 0.0037790
 0.0037790
 0.0038417
 0.0038417
 0.0047668
 0.0047668
 0.0057390
 0.0057390
 0.0076677
 0.0076677
 0.0078872
 0.0078872
 0.0204315
 0.0204315
 0.0263117
 0.0263430
 0.0366607
 0.0366921
 0.0375388
 0.0375702
 0.0411453
 0.0411767
 0.0527331
 0.0527644
 0.0567473
 0.0567786
 0.0583623
 0.0583937
 0.0604008
 0.0604322
 0.0617179
 0.0617493
 0.0627999
 0.0628312
 0.0735096
 0.0735409
 0.0790604
 0.0790918
 0.0830589
 0.0830589
 0.0845015
 0.0845329
 0.0880296
 0.0880610
 0.0889704
 0.0890018
 0.0892527
 0.0892840
 0.0902405
 0.0902719
 0.0918243
 0.0918556
 0.0949917
 0.0950231
 0.0975633
 0.0975946
 0.1044470
 0.1044783
 0.1068931
 0.1069245
 0.1123499
 0.1123812
 0.1124126
 0.1124439
 0.1197040
 0.1197353
 0.1213818
 0.1214131
 0.1222599
 0.1222912
 0.1226989
 0.1227303
 0.1232477
 0.1232791
 0.1277480
 0.1277793
 0.1291435
 0.1291749
 0.1330636
 0.1330950
 0.1331734
 0.1332048
 0.1345219
 0.1345533
 0.1346944
 0.1347258
 0.1349923
 0.1350237
 0.1358861
 0.1359175
 0.1376893
 0.1377207
 0.1380343
 0.1380657
 0.1397905
 0.1398219
 0.1414526
 0.1414840
 0.1432088
 0.1432402
 0.1464390
 0.1464703
 0.1492771
 0.1493085
 0.1497005
 0.1497319
 0.1502807
 0.1503120
 0.1527582
 0.1527895
 0.1544203
 0.1544517
 0.1567724
 0.1568037
 0.1572428
 0.1572741
 0.1589206
 0.1589519
 0.1596105
 0.1596419
 0.1638128
 0.1638442
 0.1665099
 0.1665412
 0.1703986
 0.1704300
 0.1726409
 0.1726722
 0.1803243
 0.1803556
 0.1814533
 0.1814846
 0.1836799
 0.1837112
 0.1838680
 0.1838994
 0.1849029
 0.1849343
 0.1853263
 0.1853577
 0.1863142
 0.1863455
 0.1909085
 0.1909399
 0.1914417
 0.1914730
 0.1947973
 0.1948286
 0.1956126
 0.1956440
 0.1977765
 0.1978079
 0.1979176
 0.1979490
 0.2011164
 0.2011478
 0.2027942
 0.2028256
 0.2029040
 0.2029354
 0.2030138
 0.2030451
 0.2059774
 0.2060087
 0.2090821
 0.2091134
 0.2093173
 0.2093486
 0.2100386
 0.2100699
 0.2105090
 0.2105403
 0.2106815
 0.2107128
 0.2127670
 0.2127983
 0.2156835
 0.2157149
 0.2161382
 0.2161696
 0.2165302
 0.2165616
 0.2165773
 0.2166086
 0.2173927
 0.2174240
 0.2195566
 0.2195879
 0.2240882
 0.2241195
 0.2247624
 0.2247938
 0.2292157
 0.2292470
 0.2320068
 0.2320381
 0.2328849
 0.2329162
 0.2352840
 0.2353153
 0.2355035
 0.2355349
 0.2377615
 0.2377928
 0.2383887
 0.2384200
 0.2384828
 0.2385141
 0.2385612
 0.2385925
 0.2387337
 0.2387650
 0.2388434
 0.2388748
 0.2395020
 0.2395334
 0.2450372
 0.2450685
 0.2503842
 0.2504155
 0.2516386
 0.2516700
 0.2522815
 0.2523129
 0.2549472
 0.2549785
 0.2554646
 0.2554960
 0.2568602
 0.2568915
 0.2583341
 0.2583655
 0.2592279
 0.2592593
 0.2604823
 0.2605137
 0.2605450
 0.2605764
 0.2635243
 0.2635557
 0.2637752
 0.2638066
 0.2638536
 0.2638850
 0.2639634
 0.2639947
 0.2643083
 0.2643397
 0.2645592
 0.2645906
 0.2662997
 0.2663311
 0.2707843
 0.2708157
 0.2708941
 0.2709255
 0.2721015
 0.2721328
 0.2725092
 0.2725405
 0.2728228
 0.2728541
 0.2738734
 0.2739047
 0.2751278
 0.2751592
 0.2770094
 0.2770408
 0.2773074
 0.2773387
 0.2794399
 0.2794713
 0.2816351
 0.2816665
 0.2819644
 0.2819958
 0.2820899
 0.2821212
 0.2824819
 0.2825132
 0.2855239
 0.2855552
 0.2901496
 0.2901810
 0.2919528
 0.2919842
 0.2924076
 0.2924389
 0.2951673
 0.2951987
 0.2971901
 0.2972214
 0.2991972
 0.2992442
 0.2998871
 0.2999185
 0.3038699
 0.3039013
 0.3041051
 0.3041365
 0.3065356
 0.3065669
 0.3074764
 0.3075078
 0.3104243
 0.3104557
 0.3111142
 0.3111456
 0.3113181
 0.3113495
 0.3126352
 0.3126666
 0.3147051
 0.3147364
 0.3153166
 0.3153479
 0.3161476
 0.3161790
 0.3172923
 0.3173237
 0.3194405
 0.3194719
 0.3200834
 0.3201148
 0.3216201
 0.3216515
 0.3220278
 0.3220591
 0.3223884
 0.3224198
 0.3230627
 0.3230941
 0.3245053
 0.3245366
 0.3245994
 0.3246307
 0.3248973
 0.3249287
 0.3261831
 0.3262144
 0.3268417
 0.3268730
 0.3272023
 0.3272337
 0.3274532
 0.3274846
 0.3283313
 0.3283627
 0.3290683
 0.3290996
 0.3292094
 0.3292408
 0.3296798
 0.3297112
 0.3305265
 0.3305579
 0.3311067
 0.3311381
 0.3320789
 0.3321103
 0.3323925
 0.3324239
 0.3333020
 0.3333490
 0.3347132
 0.3347446
 0.3364224
 0.3364537
 0.3365321
 0.3365635
 0.3370025
 0.3370339
 0.3394644
 0.3394957
 0.3409070
 0.3409383
 0.3429140
 0.3429454
 0.3469282
 0.3469596
 0.3490764
 0.3491078
 0.3520087
 0.3520400
 0.3531847
 0.3532160
 0.3536708
 0.3537021
 0.3544234
 0.3544548
 0.3554897
 0.3555211
 0.3561483
 0.3561796
 0.3563992
 0.3564305
 0.3572773
 0.3573086
 0.3575281
 0.3575595
 0.3593941
 0.3594255
 0.3594412
 0.3594725
 0.3606015
 0.3606329
 0.3608367
 0.3608681
 0.3618246
 0.3618559
 0.3635337
 0.3635651
 0.3651958
 0.3652272
 0.3655722
 0.3656035
 0.3675636
 0.3675949
 0.3696020
 0.3696334
 0.3703233
 0.3703547
 0.3721893
 0.3722207
 0.3742121
 0.3742434
 0.3762505
 0.3762819
 0.3763132
 0.3763446
 0.3764230
 0.3764544
 0.3767209
 0.3767523
 0.3819582
 0.3819895
 0.3826795
 0.3827108
 0.3840437
 0.3840907
 0.3853451
 0.3853765
 0.3858626
 0.3858939
 0.3881990
 0.3882303
 0.3882460
 0.3882774
 0.3889987
 0.3890300
 0.3893593
 0.3893907
 0.3899865
 0.3900179
 0.3945965
 0.3946279
 0.3951924
 0.3952238
 0.3956314
 0.3956628
 0.3958510
 0.3958823
 0.3965095
 0.3965409
 0.3974347
 0.3974661
 0.3976229
 0.3976542
 0.3979208
 0.3979521
 0.3980462
 0.3980776
 0.3989714
 0.3990027
 0.3993477
 0.3993791
 0.3994261
 0.3994575
 0.4001317
 0.4001631
 0.4022015
 0.4022329
 0.4033619
 0.4033932
 0.4042713
 0.4043027
 0.4072036
 0.4072349
 0.4077367
 0.4077994
 0.4092577
 0.4092891
 0.4096027
 0.4096340
 0.4105748
 0.4106062
 0.4115627
 0.4115941
 0.4120018
 0.4120331
 0.4120488
 0.4120802
 0.4130053
 0.4130367
 0.4131778
 0.4132091
 0.4145890
 0.4146517
 0.4201555
 0.4201869
 0.4211434
 0.4211748
 0.4220215
 0.4220529
 0.4230721
 0.4231035
 0.4232916
 0.4233230
 0.4233857
 0.4234171
 0.4240443
 0.4240756
 0.4253614
 0.4253928
 0.4256750
 0.4257064
 0.4265688
 0.4266002
 0.4276351
 0.4276664
 0.4297206
 0.4297519
 0.4299087
 0.4299401
 0.4310064
 0.4310377
 0.4324333
 0.4324646
 0.4332330
 0.4332643
 0.4333271
 0.4333584
 0.4350362
 0.4350676
 0.4356478
 0.4356791
 0.4359457
 0.4359770
 0.4360241
 0.4360554
 0.4365572
 0.4365886
 0.4371688
 0.4372158
 0.4372942
 0.4373256
 0.4385957
 0.4386270
 0.4387211
 0.4387838
 0.4410732
 0.4411045
 0.4416220
 0.4416533
 0.4417317
 0.4417631
 0.4420767
 0.4421081
 0.4434095
 0.4434409
 0.4440368
 0.4440681
 0.4456989
 0.4457302
 0.4457930
 0.4458243
 0.4459027
 0.4459341
 0.4478941
 0.4479255
 0.4486311
 0.4486625
 0.4491172
 0.4491486
 0.4503246
 0.4503559
 0.4506852
 0.4507166
 0.4512811
 0.4513124
 0.4517985
 0.4518299
 0.4521278
 0.4521592
 0.4537115
 0.4537429
 0.4565811
 0.4566124
 0.4592781
 0.4593094
 0.4595760
 0.4596074
 0.4609402
 0.4609716
 0.4613008
 0.4613322
 0.4622730
 0.4623044
 0.4629316
 0.4629630
 0.4642174
 0.4642488
 0.4654091
 0.4654405
 0.4663499
 0.4663813
 0.4683884
 0.4684197
 0.4736413
 0.4736727
 0.4751309
 0.4751623
 0.4764481
 0.4764794
 0.4781259
 0.4781572
 0.4798821
 0.4799134
 0.4799762
 0.4800075
 0.4801173
 0.4801486
 0.4801800
 0.4802114
 0.4822028
 0.4822341
 0.4837708
 0.4838022
 0.4855741
 0.4856054
 0.4857779
 0.4858093
 0.4871107
 0.4871421
 0.4876282
 0.4876595
 0.4894157
 0.4894471
 0.4898548
 0.4898862
 0.4915953
 0.4916267
 0.4924891
 0.4925205
 0.4943864
 0.4944178
 0.4947628
 0.4947941
 0.4951234
 0.4951548
 0.4956722
 0.4957036
 0.4965346
 0.4965660
 0.4972403
 0.4972716
 0.4985888
 0.4986201
 0.5004077
 0.5004391
 0.5017405
 0.5017719
 0.5027284
 0.5027597
 0.5037319
 0.5037633
 0.5042964
 0.5043278
 0.5049080
 0.5049393
 0.5050648
 0.5050961
 0.5068053
 0.5068366
 0.5071502
 0.5071816
 0.5075893
 0.5076207
 0.5089692
 0.5090005
 0.5093298
 0.5093612
 0.5119171
 0.5119484
 0.5168721
 0.5169034
 0.5173895
 0.5174209
 0.5186283
 0.5186596
 0.5201650
 0.5201963
 0.5208549
 0.5208863
 0.5212939
 0.5213253
 0.5225797
 0.5226111
 0.5235833
 0.5236146
 0.5244614
 0.5244927
 0.5253238
 0.5253552
 0.5253708
 0.5254022
 0.5256060
 0.5256374
 0.5272838
 0.5273152
 0.5278327
 0.5278640
 0.5296986
 0.5297300
 0.5299025
 0.5299338
 0.5307335
 0.5307649
 0.5321918
 0.5322232
 0.5324897
 0.5325211
 0.5327093
 0.5327406
 0.5331326
 0.5331640
 0.5354847
 0.5355160
 0.5355474
 0.5355788
 0.5373977
 0.5374290
 0.5379779
 0.5380092
 0.5386835
 0.5387148
 0.5431053
 0.5431367
 0.5433562
 0.5433876
 0.5434189
 0.5434503
 0.5447047
 0.5447361
 0.5460533
 0.5460846
 0.5464296
 0.5464609
 0.5473547
 0.5473861
 0.5474645
 0.5474958
 0.5478565
 0.5478879
 0.5481387
 0.5481701
 0.5523881
 0.5524195
 0.5526233
 0.5526547
 0.5539718
 0.5540032
 0.5544266
 0.5544579
 0.5555712
 0.5556026
 0.5567316
 0.5567629
 0.5568570
 0.5568884
 0.5577351
 0.5577665
 0.5611064
 0.5611378
 0.5620472
 0.5620786
 0.5629567
 0.5629881
 0.5632546
 0.5632860
 0.5635682
 0.5635996
 0.5652774
 0.5653087
 0.5653244
 0.5653558
 0.5660457
 0.5660771
 0.5667043
 0.5667357
 0.5676922
 0.5677235
 0.5690407
 0.5690720
 0.5704989
 0.5705303
 0.5707498
 0.5707812
 0.5712202
 0.5712516
 0.5722081
 0.5722395
 0.5727412
 0.5727726
 0.5736821
 0.5737134
 0.5744034
 0.5744347
 0.5758773
 0.5759087
 0.5768495
 0.5768809
 0.5776178
 0.5776806
 0.5816947
 0.5817261
 0.5823219
 0.5823533
 0.5832314
 0.5832628
 0.5832785
 0.5833098
 0.5848622
 0.5848935
 0.5868379
 0.5868693
 0.5873240
 0.5873553
 0.5881080
 0.5881394
 0.5881550
 0.5881864
 0.5888136
 0.5888450
 0.5900210
 0.5900524
 0.5925456
 0.5925769
 0.5926240
 0.5926553
 0.5933139
 0.5933453
 0.5935177
 0.5935491
 0.5947565
 0.5947878
 0.5953994
 0.5954307
 0.5959168
 0.5959482
 0.5965440
 0.5965754
 0.5969517
 0.5969831
 0.5980337
 0.5980650
 0.5982689
 0.5983002
 0.5996801
 0.5997115
 0.6012482
 0.6012795
 0.6021419
 0.6021733
 0.6034277
 0.6034591
 0.6038041
 0.6038354
 0.6052310
 0.6052623
 0.6056700
 0.6057014
 0.6059052
 0.6059366
 0.6093079
 0.6093392
 0.6112836
 0.6113150
 0.6115502
 0.6115815
 0.6116442
 0.6116756
 0.6118167
 0.6118481
 0.6120676
 0.6120990
 0.6121460
 0.6121774
 0.6129144
 0.6129457
 0.6131652
 0.6131966
 0.6135729
 0.6136043
 0.6153448
 0.6153762
 0.6182300
 0.6182614
 0.6188886
 0.6189199
 0.6225578
 0.6225891
 0.6233888
 0.6234202
 0.6237181
 0.6237495
 0.6274657
 0.6274971
 0.6276539
 0.6276853
 0.6277793
 0.6278107
 0.6298492
 0.6298805
 0.6300216
 0.6300530
 0.6300844
 0.6301157
 0.6306018
 0.6306332
 0.6321542
 0.6321855
 0.6332048
 0.6332361
 0.6334086
 0.6334400
 0.6359175
 0.6359488
 0.6369053
 0.6369367
 0.6371092
 0.6371405
 0.6378461
 0.6378775
 0.6382382
 0.6382695
 0.6398062
 0.6398376
 0.6403393
 0.6403707
 0.6412488
 0.6412801
 0.6414683
 0.6414997
 0.6423935
 0.6424248
 0.6431618
 0.6431932
 0.6471916
 0.6472230
 0.6477875
 0.6478189
 0.6483206
 0.6483520
 0.6484304
 0.6484618
 0.6485245
 0.6485558
 0.6488694
 0.6489008
 0.6497632
 0.6497946
 0.6503748
 0.6504061
 0.6521780
 0.6522094
 0.6522721
 0.6523034
 0.6523818
 0.6524132
 0.6529150
 0.6529463
 0.6541537
 0.6541851
 0.6543419
 0.6543733
 0.6544673
 0.6544987
 0.6562706
 0.6563019
 0.6583247
 0.6583561
 0.6611629
 0.6611942
 0.6612726
 0.6613040
 0.6642676
 0.6642989
 0.6652398
 0.6652711
 0.6668078
 0.6668392
 0.6677957
 0.6678270
 0.6679525
 0.6679838
 0.6685640
 0.6685954
 0.6699595
 0.6699909
 0.6702732
 0.6703045
 0.6708063
 0.6708376
 0.6744441
 0.6744755
 0.6749773
 0.6750086
 0.6773920
 0.6774234
 0.6774548
 0.6774861
 0.6776429
 0.6776743
 0.6825195
 0.6825509
 0.6844325
 0.6844639
 0.6855615
 0.6855929
 0.6860006
 0.6860319
 0.6860790
 0.6861103
 0.6863142
 0.6863455
 0.6896855
 0.6897168
 0.6897482
 0.6897795
 0.6902656
 0.6902970
 0.6912378
 0.6912692
 0.6923041
 0.6923354
 0.6939819
 0.6940132
 0.6962085
 0.6962398
 0.6968200
 0.6968514
 0.7002540
 0.7002854
 0.7014300
 0.7014614
 0.7020729
 0.7021043
 0.7034215
 0.7034528
 0.7070279
 0.7070593
 0.7073729
 0.7074043
 0.7074827
 0.7075140
 0.7076081
 0.7076395
 0.7086117
 0.7086430
 0.7098661
 0.7098975
 0.7101640
 0.7101954
 0.7109794
 0.7110108
 0.7111362
 0.7111676
 0.7130962
 0.7131276
 0.7145545
 0.7145859
 0.7164675
 0.7164989
 0.7167498
 0.7167811
 0.7188039
 0.7188353
 0.7199642
 0.7199956
 0.7202935
 0.7203249
 0.7218459
 0.7218773
 0.7219870
 0.7220184
 0.7225358
 0.7225672
 0.7234453
 0.7234767
 0.7236335
 0.7236648
 0.7238216
 0.7238530
 0.7245900
 0.7246213
 0.7257033
 0.7257346
 0.7266754
 0.7267068
 0.7272086
 0.7272399
 0.7279456
 0.7279769
 0.7291686
 0.7292000
 0.7297488
 0.7297802
 0.7302506
 0.7302819
 0.7309405
 0.7309719
 0.7318343
 0.7318657
 0.7324458
 0.7324772
 0.7324929
 0.7325242
 0.7329633
 0.7330103
 0.7334337
 0.7334650
 0.7380751
 0.7381064
 0.7385612
 0.7385925
 0.7388277
 0.7388591
 0.7397686
 0.7397999
 0.7399410
 0.7399724
 0.7406780
 0.7407094
 0.7432182
 0.7432496
 0.7463386
 0.7463700
 0.7479537
 0.7479851
 0.7503058
 0.7503371
 0.7504783
 0.7505096
 0.7514661
 0.7514975
 0.7538182
 0.7538495
 0.7555273
 0.7555587
 0.7595415
 0.7595729
 0.7596983
 0.7597297
 0.7603098
 0.7603412
 0.7606705
 0.7607019
 0.7621444
 0.7621758
 0.7645122
 0.7645435
 0.7654216
 0.7654530
 0.7681500
 0.7681814
 0.7697024
 0.7697337
 0.7739988
 0.7740302
 0.7753944
 0.7754257
 0.7763822
 0.7764136
 0.7781227
 0.7781541
 0.7781855
 0.7782168
 0.7787343
 0.7787656
 0.7788440
 0.7788754
 0.7796124
 0.7796437
 0.7805532
 0.7805846
 0.7823408
 0.7823721
 0.7825132
 0.7825446
 0.7827485
 0.7827798
 0.7844890
 0.7845203
 0.7846301
 0.7846615
 0.7852573
 0.7852887
 0.7859473
 0.7859786
 0.7891147
 0.7891460
 0.7902594
 0.7902907
 0.7933013
 0.7933327
 0.7951987
 0.7952300
 0.7975978
 0.7976291
 0.8002164
 0.8002477
 0.8025214
 0.8025528
 0.8032427
 0.8032741
 0.8055791
 0.8056104
 0.8065356
 0.8065669
 0.8085427
 0.8085740
 0.8087465
 0.8087779
 0.8115219
 0.8115533
 0.8132468
 0.8132781
 0.8134977
 0.8135290
 0.8137015
 0.8137329
 0.8147051
 0.8147364
 0.8158811
 0.8159124
 0.8184056
 0.8184370
 0.8187663
 0.8187976
 0.8196130
 0.8196444
 0.8197385
 0.8197698
 0.8198639
 0.8198953
 0.8201618
 0.8201932
 0.8213378
 0.8213692
 0.8216515
 0.8216828
 0.8239878
 0.8240192
 0.8255402
 0.8255715
 0.8262301
 0.8262615
 0.8274532
 0.8274846
 0.8300561
 0.8300875
 0.8307304
 0.8307618
 0.8337567
 0.8337881
 0.8355129
 0.8355443
 0.8368301
 0.8368614
 0.8377552
 0.8377866
 0.8389155
 0.8389469
 0.8412990
 0.8413303
 0.8417537
 0.8417851
 0.8431806
 0.8432120
 0.8436197
 0.8436667
 0.8441057
 0.8441371
 0.8441685
 0.8441998
 0.8476652
 0.8476966
 0.8477906
 0.8478220
 0.8491078
 0.8491391
 0.8493273
 0.8493587
 0.8512874
 0.8513187
 0.8532944
 0.8533258
 0.8608053
 0.8608367
 0.8637689
 0.8638003
 0.8657760
 0.8658074
 0.8662308
 0.8662621
 0.8675479
 0.8675793
 0.8721893
 0.8722207
 0.8727224
 0.8727538
 0.8741023
 0.8741650
 0.8743375
 0.8743689
 0.8772070
 0.8772384
 0.8805783
 0.8806097
 0.8806567
 0.8806881
 0.8826481
 0.8826795
 0.8887478
 0.8887791
 0.8948161
 0.8948474
 0.8980619
 0.8980933
 0.8992850
 0.8993163
 0.8995829
 0.8996143
 0.8998965
 0.8999279
 0.9005864
 0.9006178
 0.9008530
 0.9008844
 0.9032364
 0.9032678
 0.9056198
 0.9056512
 0.9061216
 0.9061530
 0.9087246
 0.9087559
 0.9093675
 0.9093988
 0.9107630
 0.9107944
 0.9113275
 0.9113589
 0.9207044
 0.9207357
 0.9271490
 0.9271804
 0.9343149
 0.9343463
 0.9401951
 0.9402264
 0.9408223
 0.9408536
 0.9424217
 0.9424530
 0.9457930
 0.9458243
 0.9477530
 0.9477844
 0.9656757
 0.9657070
 0.9668987
 0.9669301
 0.9690626
 0.9690940
 0.9754132
 0.9754445
 0.9774359
 0.9774673
 0.9804623
 0.9804936
 1.0000000
