 0.0000000
 0.0000000
 0.0000000
 0.0000000
 0.0000000
 0.0000000
 0.0000000
 0.0000000
 0.0000000
 0.0000000
 0.0000000
 0.0000000
 0.0000000
 0.0000000
 0.0000000
 0.0000000
 0.0000000
 0.0000000
 0.0000000
 0.0000000
 0.0000000
 0.0000000
 0.0000000
 0.0000000
 0.0000000
 0.0000000
 0.0000000
 0.0000000
 0.0000000
 0.0000000
 0.0000000
 0.0000000
 0.0000000
 0.1474379
 0.1488685
 0.2941174
 0.2941174
 0.4352277
 0.4360027
 0.5064928
 0.5068351
 0.5491576
 0.5523828
 0.5628652
 0.5630753
 0.6295641
 0.6344202
 0.6711621
 0.6711621
 0.6711621
 0.6729260
 0.6816604
 0.6841576
 0.6860769
 0.6926751
 0.6939226
 0.6943194
 0.7079888
 0.7114357
 0.7283680
 0.7350459
 0.7382127
 0.7436749
 0.7522624
 0.7561645
 0.7686658
 0.7714950
 0.7717440
 0.7750502
 0.7782404
 0.7814227
 0.7831968
 0.7914414
 0.7929774
 0.7949654
 0.7963192
 0.7963192
 0.7975331
 0.7978754
 0.8031664
 0.8293397
 0.8293397
 0.8464933
 0.8473881
 0.8482751
 0.8494391
 0.8527682
 0.8533284
 0.8546745
 0.8558980
 0.8708498
 0.8725818
 0.8744609
 0.8744609
 0.8786217
 0.8787151
 0.8819784
 0.8821340
 0.8904497
 0.8906225
 0.9071595
 0.9072762
 0.9086923
 0.9086923
 0.9175707
 0.9175707
 0.9252240
 0.9252240
 0.9363718
 0.9363718
 0.9380719
 0.9380719
 0.9674627
 0.9674627
 0.9738562
 0.9738562
 0.9803844
 0.9803844
 0.9803844
 0.9803844
 0.9811625
 0.9811625
 0.9846094
 0.9847650
 0.9858932
 0.9858932
 0.9860100
 0.9860100
 0.9865313
 0.9865313
 0.9867647
 0.9867647
 0.9867647
 0.9867647
 0.9880875
 0.9880875
 0.9893635
 0.9893635
 0.9898070
 0.9898070
 0.9900171
 0.9900171
 0.9902039
 0.9902039
 0.9902039
 0.9902039
 0.9902039
 0.9902039
 0.9902039
 0.9902039
 0.9902972
 0.9902972
 0.9908575
 0.9908575
 0.9908575
 0.9908575
 0.9912232
 0.9912232
 0.9920324
 0.9920324
 0.9925926
 0.9925926
 0.9925926
 0.9925926
 0.9929816
 0.9929816
 0.9929816
 0.9929816
 0.9930984
 0.9930984
 0.9930984
 0.9930984
 0.9930984
 0.9930984
 0.9936041
 0.9936041
 0.9937597
 0.9937597
 0.9938531
 0.9938531
 0.9938531
 0.9938531
 0.9938531
 0.9938531
 0.9938531
 0.9938531
 0.9938531
 0.9938531
 0.9938531
 0.9938531
 0.9939698
 0.9939698
 0.9939698
 0.9939698
 0.9939698
 0.9939698
 0.9939698
 0.9939698
 0.9939698
 0.9939698
 0.9947479
 0.9947479
 0.9948646
 0.9948646
 0.9949813
 0.9949813
 0.9949813
 0.9949813
 0.9950747
 0.9950747
 0.9951914
 0.9951914
 0.9951914
 0.9951914
 0.9951914
 0.9951914
 0.9954404
 0.9954404
 0.9954404
 0.9954404
 0.9955338
 0.9955338
 0.9955338
 0.9955338
 0.9956505
 0.9956505
 0.9958061
 0.9958061
 0.9960784
 0.9960784
 0.9960784
 0.9960784
 0.9960784
 0.9960784
 0.9960784
 0.9960784
 0.9960784
 0.9960784
 0.9960784
 0.9960784
 0.9960784
 0.9960784
 0.9960784
 0.9960784
 0.9960784
 0.9960784
 0.9963274
 0.9963274
 0.9963274
 0.9963274
 0.9963274
 0.9963274
 0.9964830
 0.9964830
 0.9964830
 0.9964830
 0.9964830
 0.9964830
 0.9964830
 0.9964830
 0.9964830
 0.9964830
 0.9964830
 0.9964830
 0.9964830
 0.9964830
 0.9964830
 0.9964830
 0.9964830
 0.9964830
 0.9964830
 0.9964830
 0.9964830
 0.9964830
 0.9964830
 0.9964830
 0.9964830
 0.9964830
 0.9965998
 0.9967554
 0.9967554
 0.9967554
 0.9967554
 0.9967554
 0.9967554
 0.9967554
 0.9967554
 0.9967554
 0.9967554
 0.9967554
 0.9967554
 0.9967554
 0.9968487
 0.9968487
 0.9968487
 0.9968487
 0.9968487
 0.9968487
 0.9968487
 0.9968487
 0.9968487
 0.9968487
 0.9968487
 0.9968487
 0.9968487
 0.9968487
 0.9968487
 0.9968487
 0.9968487
 0.9968487
 0.9968487
 0.9968487
 0.9968487
 0.9968487
 0.9968487
 0.9968487
 0.9971755
 0.9971755
 0.9973623
 0.9973623
 0.9973623
 0.9973623
 0.9973623
 0.9973623
 0.9973623
 0.9973623
 0.9973623
 0.9973623
 0.9973623
 0.9973623
 0.9973623
 0.9973623
 0.9975179
 0.9975179
 0.9975179
 0.9975179
 0.9975179
 0.9975179
 0.9977902
 0.9977902
 0.9977902
 0.9977902
 0.9977902
 0.9977902
 0.9977902
 0.9977902
 0.9977902
 0.9977902
 0.9977902
 0.9977902
 0.9977902
 0.9977902
 0.9977902
 0.9977902
 0.9979458
 0.9979458
 0.9979458
 0.9979458
 0.9979458
 0.9979458
 0.9979458
 0.9979458
 0.9979458
 0.9979458
 0.9979458
 0.9979458
 0.9979458
 0.9979458
 0.9979458
 0.9979458
 0.9979458
 0.9979458
 0.9980626
 0.9980626
 0.9980626
 0.9980626
 0.9980626
 0.9980626
 0.9980626
 0.9980626
 0.9980626
 0.9980626
 0.9980626
 0.9980626
 0.9980626
 0.9980626
 0.9980626
 0.9980626
 0.9981793
 0.9981793
 0.9981793
 0.9981793
 0.9981793
 0.9981793
 0.9981793
 0.9981793
 0.9982960
 0.9982960
 0.9982960
 0.9982960
 0.9982960
 0.9982960
 0.9982960
 0.9982960
 0.9982960
 0.9982960
 0.9982960
 0.9982960
 0.9982960
 0.9982960
 0.9982960
 0.9982960
 0.9983894
 0.9983894
 0.9983894
 0.9983894
 0.9983894
 0.9983894
 0.9983894
 0.9983894
 0.9983894
 0.9983894
 0.9983894
 0.9983894
 0.9983894
 0.9983894
 0.9983894
 0.9983894
 0.9983894
 0.9983894
 0.9983894
 0.9983894
 0.9983894
 0.9983894
 0.9983894
 0.9983894
 0.9983894
 0.9983894
 0.9983894
 0.9983894
 0.9983894
 0.9983894
 0.9983894
 0.9983894
 0.9983894
 0.9983894
 0.9983894
 0.9983894
 0.9983894
 0.9983894
 0.9983894
 0.9983894
 0.9983894
 0.9983894
 0.9983894
 0.9983894
 0.9983894
 0.9983894
 0.9983894
 0.9983894
 0.9983894
 0.9983894
 0.9983894
 0.9983894
 0.9983894
 0.9983894
 0.9985450
 0.9985450
 0.9985450
 0.9985450
 0.9985450
 0.9985450
 0.9985450
 0.9985450
 0.9985450
 0.9985450
 0.9985450
 0.9985450
 0.9985450
 0.9985450
 0.9985450
 0.9985450
 0.9985450
 0.9985450
 0.9985450
 0.9985450
 0.9985450
 0.9985450
 0.9985450
 0.9985450
 0.9985450
 0.9985450
 0.9985450
 0.9985450
 0.9985450
 0.9985450
 0.9985450
 0.9985450
 0.9985450
 0.9985450
 0.9985450
 0.9985450
 0.9985450
 0.9985450
 0.9985450
 0.9985450
 0.9985450
 0.9985450
 0.9987006
 0.9987006
 0.9987006
 0.9987006
 0.9987006
 0.9987006
 0.9987006
 0.9987006
 0.9987006
 0.9987006
 0.9987006
 0.9987006
 0.9987006
 0.9987006
 0.9987006
 0.9987006
 0.9987006
 0.9987006
 0.9987006
 0.9987006
 0.9987006
 0.9987006
 0.9987006
 0.9987006
 0.9987006
 0.9987006
 0.9987940
 0.9987940
 0.9987940
 0.9987940
 0.9987940
 0.9987940
 0.9987940
 0.9987940
 0.9987940
 0.9987940
 0.9987940
 0.9987940
 0.9987940
 0.9987940
 0.9987940
 0.9987940
 0.9987940
 0.9987940
 0.9987940
 0.9987940
 0.9987940
 0.9987940
 0.9987940
 0.9987940
 0.9987940
 0.9987940
 0.9990274
 0.9990274
 0.9990274
 0.9990274
 0.9990274
 0.9990274
 0.9990274
 0.9990274
 0.9990274
 0.9990274
 0.9990274
 0.9990274
 0.9990274
 0.9990274
 0.9990274
 0.9990274
 0.9990274
 0.9990274
 0.9990274
 0.9990274
 0.9990274
 0.9990274
 0.9990274
 0.9990274
 0.9990274
 0.9990274
 0.9990274
 0.9990274
 0.9990274
 0.9990274
 0.9990274
 0.9990274
 0.9990274
 0.9990274
 0.9990274
 0.9990274
 0.9990274
 0.9990274
 0.9990274
 0.9990274
 0.9990274
 0.9990274
 0.9990274
 0.9990274
 0.9990274
 0.9990274
 0.9990274
 0.9990274
 0.9990274
 0.9990274
 0.9990274
 0.9990274
 0.9991441
 0.9991441
 0.9991441
 0.9991441
 0.9991441
 0.9991441
 0.9991441
 0.9991441
 0.9991441
 0.9991441
 0.9991441
 0.9991441
 0.9991441
 0.9991441
 0.9991441
 0.9991441
 0.9991441
 0.9991441
 0.9991441
 0.9991441
 0.9991441
 0.9991441
 0.9991441
 0.9991441
 0.9991441
 0.9991441
 0.9991441
 0.9991441
 0.9991441
 0.9991441
 0.9991441
 0.9991441
 0.9991441
 0.9991441
 0.9991441
 0.9992375
 0.9992375
 0.9992375
 0.9992375
 0.9992375
 0.9992375
 0.9992375
 0.9992375
 0.9992375
 0.9992375
 0.9992375
 0.9992375
 0.9992375
 0.9992375
 0.9992375
 0.9992375
 0.9992375
 0.9992375
 0.9992375
 0.9992375
 0.9992375
 0.9992375
 0.9992375
 0.9992375
 0.9992375
 0.9992375
 0.9992375
 0.9992375
 0.9992375
 0.9992375
 0.9992375
 0.9992375
 0.9992375
 0.9992375
 0.9992375
 0.9992375
 0.9992375
 0.9992375
 0.9992375
 0.9992375
 0.9992375
 0.9992375
 0.9992375
 0.9992375
 0.9992375
 0.9992375
 0.9992375
 0.9992375
 0.9992375
 0.9992375
 0.9992375
 0.9992375
 0.9992375
 0.9992375
 0.9992375
 0.9992375
 0.9992375
 0.9992375
 0.9992375
 0.9992375
 0.9992375
 0.9992375
 0.9992375
 0.9992375
 0.9992375
 0.9992375
 0.9992375
 0.9992375
 0.9992375
 0.9992375
 0.9992375
 0.9992375
 0.9992375
 0.9992375
 0.9992375
 0.9992375
 0.9992375
 0.9992375
 0.9992375
 0.9992375
 0.9992375
 0.9992375
 0.9992375
 0.9992375
 0.9992375
 0.9992375
 0.9992375
 0.9992375
 0.9992375
 0.9992375
 0.9992375
 0.9992375
 0.9992375
 0.9992375
 0.9992375
 0.9992375
 0.9992375
 0.9992375
 0.9992375
 0.9992375
 0.9992375
 0.9993308
 0.9993308
 0.9993308
 0.9993308
 0.9993308
 0.9993308
 0.9993308
 0.9993308
 0.9993308
 0.9993308
 0.9993308
 0.9993308
 0.9993308
 0.9993308
 0.9993308
 0.9993308
 0.9993308
 0.9993308
 0.9993308
 0.9993308
 0.9993308
 0.9993308
 0.9993308
 0.9993308
 0.9993308
 0.9993308
 0.9993308
 0.9993308
 0.9993308
 0.9993308
 0.9993308
 0.9993308
 0.9993308
 0.9993308
 0.9993308
 0.9993308
 0.9994865
 0.9994865
 0.9994865
 0.9994865
 0.9994865
 0.9994865
 0.9994865
 0.9994865
 0.9994865
 0.9994865
 0.9994865
 0.9994865
 0.9994865
 0.9994865
 0.9994865
 0.9994865
 0.9994865
 0.9994865
 0.9994865
 0.9994865
 0.9994865
 0.9994865
 0.9994865
 0.9994865
 0.9994865
 0.9994865
 0.9994865
 0.9994865
 0.9994865
 0.9994865
 0.9994865
 0.9994865
 0.9994865
 0.9994865
 0.9994865
 0.9994865
 0.9994865
 0.9994865
 0.9994865
 0.9994865
 0.9994865
 0.9994865
 0.9994865
 0.9994865
 0.9994865
 0.9994865
 0.9994865
 0.9994865
 0.9994865
 0.9994865
 0.9994865
 0.9994865
 0.9996032
 0.9996032
 0.9996032
 0.9996032
 0.9996032
 0.9996032
 0.9996032
 0.9996032
 0.9996032
 0.9996032
 0.9996032
 0.9996032
 0.9996032
 0.9996032
 0.9996032
 0.9996032
 0.9996032
 0.9996032
 0.9996032
 0.9996032
 0.9996032
 0.9996032
 0.9996032
 0.9996032
 0.9996032
 0.9996032
 0.9996032
 0.9996032
 0.9996032
 0.9996032
 0.9996032
 0.9996032
 0.9996032
 0.9996032
 0.9996032
 0.9996032
 0.9996032
 0.9996032
 0.9996032
 0.9996032
 0.9997199
 0.9997199
 0.9997199
 0.9997199
 0.9997199
 0.9997199
 0.9997199
 0.9997199
 0.9997199
 0.9997199
 0.9997199
 0.9997199
 0.9997199
 0.9997199
 0.9997199
 0.9997199
 0.9997199
 0.9997199
 0.9997199
 0.9997199
 0.9997199
 0.9997199
 0.9997199
 0.9997199
 0.9997199
 0.9997199
 0.9997199
 0.9997199
 0.9997199
 0.9997199
 0.9997199
 0.9997199
 0.9997199
 0.9997199
 0.9997199
 0.9997199
 0.9997199
 0.9997199
 0.9997199
 0.9997199
 0.9997199
 0.9997199
 0.9997199
 0.9997199
 0.9997199
 0.9997199
 0.9997199
 0.9997199
 0.9997199
 0.9997199
 0.9997199
 0.9997199
 0.9997199
 0.9997199
 0.9997199
 0.9997199
 0.9997199
 0.9997199
 0.9997199
 0.9997199
 0.9997199
 0.9997199
 0.9997199
 0.9997199
 0.9997199
 0.9997199
 0.9997199
 0.9997199
 0.9997199
 0.9997199
 0.9997199
 0.9997199
 0.9997199
 0.9997199
 0.9997199
 0.9997199
 0.9997199
 0.9997199
 0.9997199
 0.9997199
 0.9997199
 0.9997199
 0.9997199
 0.9997199
 0.9997199
 0.9997199
 0.9997199
 0.9997199
 0.9997199
 0.9997199
 0.9997199
 0.9997199
 0.9997199
 0.9997199
 0.9997199
 0.9997199
 0.9997199
 0.9997199
 0.9997199
 0.9997199
 0.9997199
 0.9997199
 0.9997199
 0.9997199
 0.9997199
 0.9997199
 0.9997199
 0.9997199
 0.9997199
 0.9997199
 0.9997199
 0.9997199
 0.9997199
 0.9997199
 0.9997199
 0.9997199
 0.9997199
 0.9997199
 0.9997199
 0.9997199
 0.9997199
 0.9997199
 0.9997199
 0.9997199
 0.9997199
 0.9997199
 0.9997199
 0.9997199
 0.9997199
 0.9997199
 0.9997199
 0.9997199
 0.9997199
 0.9997199
 0.9997199
 0.9997199
 0.9997199
 0.9997199
 0.9997199
 0.9997199
 0.9997199
 0.9997199
 0.9997199
 0.9997199
 0.9997199
 0.9997199
 0.9997199
 0.9997199
 0.9997199
 0.9997199
 0.9997199
 0.9997199
 0.9997199
 0.9997199
 0.9997199
 0.9997199
 0.9997199
 0.9997199
 0.9997199
 0.9997199
 0.9997199
 0.9997199
 0.9997199
 0.9997199
 0.9997199
 0.9997199
 0.9997199
 0.9997199
 0.9997199
 0.9997199
 0.9997199
 0.9997199
 0.9997199
 0.9997199
 0.9997199
 0.9997199
 0.9997199
 0.9997199
 0.9997199
 0.9997199
 0.9997199
 0.9997199
 0.9997199
 0.9997199
 0.9997199
 0.9997199
 0.9997199
 0.9997199
 0.9997199
 0.9997199
 0.9997199
 0.9997199
 0.9997199
 0.9997199
 0.9997199
 0.9997199
 0.9997199
 0.9997199
 0.9997199
 0.9997199
 0.9997199
 0.9997199
 0.9997199
 0.9997199
 0.9997199
 0.9997199
 0.9997199
 0.9997199
 0.9997199
 0.9997199
 0.9997199
 0.9997199
 0.9997199
 0.9997199
 0.9997199
 0.9997199
 0.9997199
 0.9997199
 0.9997199
 0.9997199
 0.9997199
 0.9997199
 0.9997199
 0.9997199
 0.9997199
 0.9997199
 0.9997199
 0.9997199
 0.9997199
 0.9997199
 0.9997199
 0.9997199
 0.9997199
 0.9997199
 0.9997199
 0.9997199
 0.9997199
 0.9997199
 0.9997199
 0.9997199
 0.9997199
 0.9997199
 0.9997199
 0.9997199
 0.9997199
 0.9997199
 0.9997199
 0.9997199
 0.9997199
 0.9997199
 0.9997199
 0.9997199
 0.9997199
 0.9997199
 0.9997199
 0.9997199
 0.9997199
 0.9997199
 0.9997199
 0.9997199
 0.9998133
 0.9998133
 0.9998133
 0.9998133
 0.9998133
 0.9998133
 0.9998133
 0.9998133
 0.9998133
 0.9998133
 0.9998133
 0.9998133
 0.9998133
 0.9998133
 0.9998133
 0.9998133
 0.9998133
 0.9998133
 0.9998133
 0.9998133
 0.9998133
 0.9998133
 0.9998133
 0.9998133
 0.9998133
 0.9998133
 0.9998133
 0.9998133
 0.9998133
 0.9998133
 0.9998133
 0.9998133
 0.9998133
 0.9998133
 0.9998133
 0.9998133
 0.9998133
 0.9998133
 0.9998133
 0.9998133
 0.9998133
 0.9998133
 0.9998133
 0.9998133
 0.9998133
 0.9998133
 0.9998133
 0.9998133
 0.9998133
 0.9998133
 0.9998133
 0.9998133
 0.9998133
 0.9998133
 0.9998133
 0.9999066
 0.9999066
 0.9999066
 0.9999066
 0.9999066
 0.9999066
 0.9999066
 0.9999066
 0.9999066
 0.9999066
 0.9999066
 0.9999066
 0.9999066
 0.9999066
 0.9999066
 0.9999066
 0.9999066
 0.9999066
 0.9999066
 0.9999066
 0.9999066
 0.9999066
 0.9999066
 0.9999066
 0.9999066
 0.9999066
 0.9999066
 0.9999066
 0.9999066
 0.9999066
 0.9999066
 0.9999066
 0.9999066
 0.9999066
 0.9999066
 0.9999066
 0.9999066
 0.9999066
 0.9999066
 0.9999066
 0.9999066
 0.9999066
 0.9999066
 0.9999066
 0.9999066
 0.9999066
 0.9999066
 0.9999066
 0.9999066
 0.9999066
 0.9999066
 0.9999066
 0.9999066
 0.9999066
 0.9999066
 0.9999066
 0.9999066
 0.9999066
 0.9999066
 0.9999066
 0.9999066
 0.9999066
 0.9999066
 0.9999066
 0.9999066
 0.9999066
 0.9999066
 0.9999066
 0.9999066
 0.9999066
 0.9999066
 0.9999066
 0.9999066
 0.9999066
 0.9999066
 0.9999066
 0.9999066
 0.9999066
 0.9999066
 0.9999066
 0.9999066
 0.9999066
 0.9999066
 0.9999066
 0.9999066
 0.9999066
 0.9999066
 0.9999066
 0.9999066
 0.9999066
 0.9999066
 0.9999066
 0.9999066
 0.9999066
 0.9999066
 0.9999066
 0.9999066
 0.9999066
 0.9999066
 0.9999066
 0.9999066
 0.9999066
 0.9999066
 0.9999066
 0.9999066
 0.9999066
 0.9999066
 0.9999066
 0.9999066
 0.9999066
 0.9999066
 0.9999066
 0.9999066
 0.9999066
 0.9999066
 0.9999066
 0.9999066
 0.9999066
 0.9999066
 0.9999066
 0.9999066
 0.9999066
 0.9999066
 0.9999066
 0.9999066
 0.9999066
 0.9999066
 0.9999066
 0.9999066
 0.9999066
 0.9999066
 0.9999066
 0.9999066
 0.9999066
 0.9999066
 0.9999066
 0.9999066
 0.9999066
 0.9999066
 0.9999066
 0.9999066
 0.9999066
 0.9999066
 0.9999066
 0.9999066
 0.9999066
 0.9999066
 0.9999066
 0.9999066
 0.9999066
 0.9999066
 0.9999066
 0.9999066
 0.9999066
 0.9999066
 0.9999066
 0.9999066
 0.9999066
 0.9999066
 0.9999066
 0.9999066
 0.9999066
 0.9999066
 0.9999066
 0.9999066
 0.9999066
 0.9999066
 0.9999066
 0.9999066
 0.9999066
 0.9999066
 0.9999066
 0.9999066
 0.9999066
 0.9999066
 0.9999066
 0.9999066
 0.9999066
 0.9999066
 0.9999066
 0.9999066
 0.9999066
 0.9999066
 0.9999066
 0.9999066
 0.9999066
 0.9999066
 0.9999066
 0.9999066
 0.9999066
 0.9999066
 0.9999066
 0.9999066
 0.9999066
 0.9999066
 0.9999066
 0.9999066
 0.9999066
 0.9999066
 0.9999066
 0.9999066
 0.9999066
 0.9999066
 0.9999066
 0.9999066
 0.9999066
 0.9999066
 0.9999066
 0.9999066
 0.9999066
 0.9999066
 0.9999066
 0.9999066
 0.9999066
 0.9999066
 0.9999066
 0.9999066
 1.0000000
 1.0000000
 1.0000000
 1.0000000
 1.0000000
 1.0000000
 1.0000000
 1.0000000
 1.0000000
 1.0000000
 1.0000000
 1.0000000
 1.0000000
 1.0000000
 1.0000000
 1.0000000
 1.0000000
 1.0000000
 1.0000000
 1.0000000
 1.0000000
 1.0000000
 1.0000000
 1.0000000
 1.0000000
 1.0000000
 1.0000000
 1.0000000
 1.0000000
 1.0000000
 1.0000000
 1.0000000
 1.0000000
 1.0000000
 1.0000000
 1.0000000
 1.0000000
 1.0000000
 1.0000000
 1.0000000
 1.0000000
 1.0000000
 1.0000000
 1.0000000
 1.0000000
 1.0000000
 1.0000000
 1.0000000
 1.0000000
 1.0000000
 1.0000000
 1.0000000
 1.0000000
 1.0000000
 1.0000000
 1.0000000
 1.0000000
 1.0000000
 1.0000000
 1.0000000
 1.0000000
 1.0000000
 1.0000000
 1.0000000
 1.0000000
 1.0000000
 1.0000000
 1.0000000
 1.0000000
 1.0000000
 1.0000000
 1.0000000
 1.0000000
 1.0000000
 1.0000000
 1.0000000
 1.0000000
 1.0000000
 1.0000000
 1.0000000
 1.0000000
 1.0000000
 1.0000000
 1.0000000
 1.0000000
