 0.0000000
 0.0000000
 0.0000000
 0.0000000
 0.0000000
 0.0000000
 0.0000000
 0.0000000
 0.0000000
 0.0000000
 0.0000000
 0.0000000
 0.0000000
 0.0000000
 0.0000000
 0.0000000
 0.0000000
 0.0000000
 0.0000000
 0.0000000
 0.0000000
 0.0000000
 0.0000000
 0.0000000
 0.0000000
 0.0002684
 0.0002684
 0.0002684
 0.0003073
 0.1174756
 0.1206439
 0.1451993
 0.1482326
 0.1943467
 0.1956309
 0.2427530
 0.2504960
 0.2795259
 0.2823221
 0.2826644
 0.2915797
 0.2975106
 0.3085967
 0.3404675
 0.3429185
 0.3461063
 0.3579373
 0.3758770
 0.3952566
 0.3954901
 0.4001279
 0.4036778
 0.4173242
 0.4182034
 0.4886997
 0.4947802
 0.5437544
 0.5441512
 0.5984777
 0.5986878
 0.8367119
 0.8368053
 0.8620929
 0.8622096
 0.8735550
 0.8736068
 0.8851809
 0.8852183
 0.8856073
 0.8856073
 0.8968761
 0.8968761
 0.8977367
 0.8977367
 0.9106238
 0.9106238
 0.9120088
 0.9120088
 0.9171091
 0.9171091
 0.9184708
 0.9184708
 0.9190668
 0.9190668
 0.9190668
 0.9190668
 0.9208658
 0.9208658
 0.9210758
 0.9210758
 0.9244958
 0.9244958
 0.9247292
 0.9247292
 0.9259602
 0.9260535
 0.9279599
 0.9279599
 0.9295809
 0.9295809
 0.9296976
 0.9296976
 0.9322134
 0.9323301
 0.9362102
 0.9362102
 0.9373151
 0.9373151
 0.9426936
 0.9426936
 0.9445688
 0.9445688
 0.9455434
 0.9455434
 0.9471229
 0.9471229
 0.9471229
 0.9471229
 0.9471851
 0.9471851
 0.9476520
 0.9476520
 0.9480430
 0.9480430
 0.9481597
 0.9481597
 0.9498015
 0.9498015
 0.9518401
 0.9518401
 0.9521824
 0.9521824
 0.9551132
 0.9551132
 0.9559613
 0.9559613
 0.9566850
 0.9566850
 0.9575019
 0.9575019
 0.9575798
 0.9575798
 0.9580077
 0.9580077
 0.9593460
 0.9593460
 0.9593460
 0.9593460
 0.9601786
 0.9601786
 0.9604089
 0.9604089
 0.9609691
 0.9609691
 0.9619184
 0.9619184
 0.9643538
 0.9643538
 0.9646650
 0.9646650
 0.9651423
 0.9651423
 0.9651423
 0.9651423
 0.9656091
 0.9656091
 0.9660059
 0.9660059
 0.9662005
 0.9662005
 0.9670097
 0.9670097
 0.9681146
 0.9681146
 0.9692194
 0.9692194
 0.9693362
 0.9693362
 0.9693362
 0.9693362
 0.9693362
 0.9693362
 0.9694918
 0.9694918
 0.9694918
 0.9694918
 0.9694918
 0.9694918
 0.9697019
 0.9697019
 0.9702776
 0.9702776
 0.9704877
 0.9704877
 0.9709701
 0.9709701
 0.9710869
 0.9710869
 0.9710869
 0.9710869
 0.9710869
 0.9710869
 0.9712114
 0.9712114
 0.9712114
 0.9712114
 0.9712114
 0.9712114
 0.9714603
 0.9714603
 0.9714603
 0.9714603
 0.9717482
 0.9717482
 0.9718649
 0.9718649
 0.9718649
 0.9718649
 0.9718649
 0.9718649
 0.9720984
 0.9720984
 0.9724511
 0.9724511
 0.9724511
 0.9724511
 0.9724511
 0.9724511
 0.9726456
 0.9726456
 0.9727390
 0.9727390
 0.9731280
 0.9731280
 0.9733615
 0.9733615
 0.9735171
 0.9735171
 0.9738672
 0.9738672
 0.9738672
 0.9738672
 0.9744041
 0.9744041
 0.9750266
 0.9750266
 0.9763027
 0.9763960
 0.9763960
 0.9763960
 0.9767462
 0.9767462
 0.9767462
 0.9767462
 0.9767462
 0.9767462
 0.9769018
 0.9769018
 0.9769018
 0.9769018
 0.9773453
 0.9773453
 0.9775657
 0.9776533
 0.9778867
 0.9778867
 0.9785247
 0.9785247
 0.9785247
 0.9785247
 0.9785247
 0.9785247
 0.9786181
 0.9786181
 0.9786181
 0.9786181
 0.9787115
 0.9787115
 0.9787115
 0.9787115
 0.9787115
 0.9787115
 0.9788282
 0.9788282
 0.9788282
 0.9788282
 0.9791005
 0.9791005
 0.9791005
 0.9791005
 0.9791005
 0.9791005
 0.9791005
 0.9791005
 0.9791005
 0.9791005
 0.9791005
 0.9791005
 0.9791005
 0.9791005
 0.9791005
 0.9791005
 0.9793106
 0.9793106
 0.9796374
 0.9796374
 0.9797308
 0.9797308
 0.9797308
 0.9797308
 0.9797308
 0.9797308
 0.9797308
 0.9797308
 0.9798864
 0.9798864
 0.9800031
 0.9800031
 0.9802365
 0.9802365
 0.9803922
 0.9803922
 0.9807190
 0.9807190
 0.9807190
 0.9807190
 0.9809524
 0.9809524
 0.9816138
 0.9816138
 0.9816138
 0.9816138
 0.9816138
 0.9816138
 0.9816138
 0.9816138
 0.9817071
 0.9817071
 0.9818627
 0.9818627
 0.9818627
 0.9818627
 0.9820184
 0.9820184
 0.9820184
 0.9820184
 0.9821117
 0.9821117
 0.9822051
 0.9822051
 0.9822051
 0.9822051
 0.9822051
 0.9822051
 0.9823218
 0.9823218
 0.9825941
 0.9825941
 0.9825941
 0.9825941
 0.9827498
 0.9827498
 0.9829365
 0.9829365
 0.9829365
 0.9829365
 0.9829365
 0.9829365
 0.9829365
 0.9829365
 0.9833256
 0.9833256
 0.9833256
 0.9833256
 0.9839091
 0.9839091
 0.9840258
 0.9840258
 0.9840258
 0.9840258
 0.9841425
 0.9841425
 0.9843760
 0.9843760
 0.9846483
 0.9846483
 0.9846483
 0.9846483
 0.9846483
 0.9846483
 0.9846483
 0.9846483
 0.9846483
 0.9846483
 0.9846483
 0.9846483
 0.9846483
 0.9848817
 0.9849206
 0.9849206
 0.9849206
 0.9849206
 0.9850763
 0.9850763
 0.9850763
 0.9850763
 0.9852319
 0.9852319
 0.9852319
 0.9852319
 0.9852319
 0.9852319
 0.9852319
 0.9852319
 0.9852319
 0.9852319
 0.9852319
 0.9852319
 0.9852319
 0.9852319
 0.9852319
 0.9852319
 0.9853486
 0.9853486
 0.9853486
 0.9853486
 0.9854420
 0.9854420
 0.9855353
 0.9855353
 0.9855353
 0.9855353
 0.9855353
 0.9855353
 0.9855353
 0.9855353
 0.9855353
 0.9855353
 0.9855353
 0.9855353
 0.9855353
 0.9855353
 0.9855353
 0.9855353
 0.9855353
 0.9855353
 0.9855353
 0.9855353
 0.9855353
 0.9855353
 0.9855353
 0.9855353
 0.9855353
 0.9855353
 0.9855353
 0.9855353
 0.9855353
 0.9855353
 0.9855353
 0.9855353
 0.9856520
 0.9856520
 0.9860022
 0.9860022
 0.9861967
 0.9861967
 0.9861967
 0.9861967
 0.9861967
 0.9861967
 0.9863523
 0.9863523
 0.9863523
 0.9863523
 0.9864690
 0.9864690
 0.9864690
 0.9864690
 0.9864690
 0.9864690
 0.9864690
 0.9864690
 0.9864690
 0.9864690
 0.9865624
 0.9865624
 0.9867180
 0.9867180
 0.9867180
 0.9867180
 0.9868736
 0.9868736
 0.9869670
 0.9869670
 0.9869670
 0.9869670
 0.9869670
 0.9869670
 0.9869670
 0.9869670
 0.9869670
 0.9869670
 0.9869670
 0.9869670
 0.9871226
 0.9871226
 0.9871226
 0.9871226
 0.9871226
 0.9871226
 0.9872160
 0.9872160
 0.9873094
 0.9873094
 0.9873094
 0.9873094
 0.9873094
 0.9873094
 0.9873094
 0.9873094
 0.9874261
 0.9874261
 0.9874261
 0.9874261
 0.9874261
 0.9874261
 0.9874261
 0.9874261
 0.9875817
 0.9875817
 0.9875817
 0.9875817
 0.9875817
 0.9875817
 0.9875817
 0.9875817
 0.9875817
 0.9875817
 0.9875817
 0.9875817
 0.9875817
 0.9875817
 0.9876751
 0.9876751
 0.9876751
 0.9876751
 0.9877684
 0.9877684
 0.9878852
 0.9878852
 0.9880408
 0.9880408
 0.9881186
 0.9881186
 0.9883520
 0.9883520
 0.9883520
 0.9883520
 0.9883520
 0.9883520
 0.9884687
 0.9884687
 0.9884687
 0.9884687
 0.9884687
 0.9884687
 0.9885621
 0.9885621
 0.9885621
 0.9886788
 0.9886788
 0.9886788
 0.9886788
 0.9886788
 0.9886788
 0.9886788
 0.9888889
 0.9888889
 0.9890056
 0.9890056
 0.9890056
 0.9890056
 0.9891223
 0.9891223
 0.9891223
 0.9891223
 0.9891223
 0.9891223
 0.9891223
 0.9891223
 0.9891223
 0.9891223
 0.9891223
 0.9891223
 0.9891223
 0.9891223
 0.9891223
 0.9891223
 0.9891223
 0.9891223
 0.9891223
 0.9891223
 0.9891223
 0.9891223
 0.9891223
 0.9891223
 0.9891223
 0.9891223
 0.9891223
 0.9891223
 0.9891223
 0.9891223
 0.9891223
 0.9891223
 0.9891223
 0.9891223
 0.9891223
 0.9891223
 0.9892390
 0.9892390
 0.9893946
 0.9893946
 0.9893946
 0.9893946
 0.9893946
 0.9893946
 0.9893946
 0.9893946
 0.9893946
 0.9893946
 0.9893946
 0.9893946
 0.9893946
 0.9893946
 0.9893946
 0.9893946
 0.9893946
 0.9893946
 0.9893946
 0.9893946
 0.9895114
 0.9895114
 0.9895114
 0.9895114
 0.9895114
 0.9895114
 0.9895114
 0.9895114
 0.9896281
 0.9896281
 0.9896281
 0.9896281
 0.9897448
 0.9897448
 0.9898382
 0.9898382
 0.9898382
 0.9898382
 0.9898382
 0.9899938
 0.9899938
 0.9899938
 0.9899938
 0.9899938
 0.9899938
 0.9899938
 0.9899938
 0.9899938
 0.9899938
 0.9899938
 0.9899938
 0.9899938
 0.9899938
 0.9899938
 0.9899938
 0.9899938
 0.9899938
 0.9899938
 0.9900685
 0.9900685
 0.9900685
 0.9900685
 0.9900685
 0.9900685
 0.9900685
 0.9900685
 0.9900685
 0.9900685
 0.9900685
 0.9900685
 0.9901852
 0.9901852
 0.9901852
 0.9901852
 0.9901852
 0.9901852
 0.9901852
 0.9901852
 0.9903019
 0.9903019
 0.9903019
 0.9903019
 0.9903019
 0.9903019
 0.9906909
 0.9906909
 0.9906909
 0.9906909
 0.9906909
 0.9906909
 0.9906909
 0.9906909
 0.9907843
 0.9907843
 0.9910566
 0.9910566
 0.9910566
 0.9910566
 0.9910566
 0.9910566
 0.9911734
 0.9911734
 0.9911734
 0.9911734
 0.9911734
 0.9911734
 0.9911734
 0.9911734
 0.9911734
 0.9911734
 0.9911734
 0.9911734
 0.9912667
 0.9912667
 0.9912667
 0.9912667
 0.9912667
 0.9912667
 0.9912667
 0.9912667
 0.9913601
 0.9913601
 0.9913601
 0.9913601
 0.9913601
 0.9913601
 0.9913601
 0.9913601
 0.9913601
 0.9913601
 0.9913601
 0.9913601
 0.9913601
 0.9913601
 0.9914535
 0.9914535
 0.9914535
 0.9914535
 0.9914535
 0.9914535
 0.9915468
 0.9915468
 0.9915468
 0.9915468
 0.9915468
 0.9915468
 0.9915468
 0.9915468
 0.9915468
 0.9915468
 0.9915468
 0.9915468
 0.9916402
 0.9916402
 0.9916402
 0.9916402
 0.9916402
 0.9916402
 0.9918316
 0.9918316
 0.9918316
 0.9918316
 0.9918316
 0.9918316
 0.9918316
 0.9918316
 0.9918316
 0.9918316
 0.9919483
 0.9919483
 0.9919483
 0.9919483
 0.9919483
 0.9919483
 0.9919483
 0.9919483
 0.9919483
 0.9919483
 0.9919483
 0.9919483
 0.9921818
 0.9921818
 0.9921818
 0.9921818
 0.9921818
 0.9921818
 0.9921818
 0.9921818
 0.9923374
 0.9923374
 0.9923374
 0.9923374
 0.9923374
 0.9923374
 0.9923374
 0.9923374
 0.9924121
 0.9924121
 0.9924121
 0.9924121
 0.9924121
 0.9924121
 0.9924121
 0.9924121
 0.9924121
 0.9924121
 0.9925054
 0.9925054
 0.9925054
 0.9925054
 0.9927544
 0.9927544
 0.9927544
 0.9927544
 0.9927544
 0.9927544
 0.9927544
 0.9927544
 0.9929661
 0.9929661
 0.9929661
 0.9929661
 0.9929661
 0.9929661
 0.9929661
 0.9929661
 0.9929661
 0.9929661
 0.9929661
 0.9929661
 0.9929661
 0.9931217
 0.9932773
 0.9932773
 0.9932773
 0.9932773
 0.9932773
 0.9932773
 0.9932773
 0.9932773
 0.9933940
 0.9933940
 0.9933940
 0.9933940
 0.9933940
 0.9933940
 0.9933940
 0.9933940
 0.9934718
 0.9934718
 0.9934718
 0.9934718
 0.9934718
 0.9934718
 0.9934718
 0.9934718
 0.9934718
 0.9934718
 0.9934718
 0.9934718
 0.9934718
 0.9934718
 0.9934718
 0.9934718
 0.9935885
 0.9935885
 0.9935885
 0.9935885
 0.9935885
 0.9935885
 0.9935885
 0.9935885
 0.9935885
 0.9935885
 0.9935885
 0.9935885
 0.9935885
 0.9935885
 0.9935885
 0.9935885
 0.9935885
 0.9935885
 0.9935885
 0.9935885
 0.9935885
 0.9935885
 0.9935885
 0.9935885
 0.9935885
 0.9935885
 0.9935885
 0.9935885
 0.9935885
 0.9935885
 0.9935885
 0.9935885
 0.9935885
 0.9935885
 0.9935885
 0.9935885
 0.9937442
 0.9937442
 0.9937442
 0.9937442
 0.9937442
 0.9937442
 0.9937442
 0.9937442
 0.9937442
 0.9937442
 0.9937442
 0.9937442
 0.9937442
 0.9937442
 0.9937442
 0.9937442
 0.9938375
 0.9938375
 0.9939542
 0.9939542
 0.9940710
 0.9940710
 0.9940710
 0.9940710
 0.9940710
 0.9940710
 0.9940710
 0.9940710
 0.9940710
 0.9940710
 0.9940710
 0.9940710
 0.9940710
 0.9940710
 0.9940710
 0.9940710
 0.9940710
 0.9940710
 0.9940710
 0.9940710
 0.9941643
 0.9941643
 0.9941643
 0.9941643
 0.9941643
 0.9941643
 0.9941643
 0.9941643
 0.9941643
 0.9941643
 0.9941643
 0.9941643
 0.9941643
 0.9941643
 0.9942810
 0.9942810
 0.9942810
 0.9942810
 0.9942810
 0.9942810
 0.9942810
 0.9942810
 0.9942810
 0.9942810
 0.9942810
 0.9942810
 0.9942810
 0.9942810
 0.9942810
 0.9942810
 0.9942810
 0.9942810
 0.9942810
 0.9942810
 0.9945534
 0.9945534
 0.9945534
 0.9945534
 0.9945534
 0.9945534
 0.9946467
 0.9946467
 0.9947635
 0.9947635
 0.9947635
 0.9947635
 0.9947635
 0.9947635
 0.9947635
 0.9947635
 0.9947635
 0.9947635
 0.9949191
 0.9949191
 0.9949191
 0.9949191
 0.9949191
 0.9949191
 0.9949191
 0.9949191
 0.9949191
 0.9949191
 0.9949191
 0.9949191
 0.9949191
 0.9949191
 0.9949191
 0.9949191
 0.9949191
 0.9949191
 0.9949191
 0.9949191
 0.9949191
 0.9949191
 0.9949191
 0.9949191
 0.9949191
 0.9949191
 0.9949191
 0.9951525
 0.9951525
 0.9951525
 0.9951525
 0.9951525
 0.9951525
 0.9951525
 0.9951525
 0.9951525
 0.9951525
 0.9951525
 0.9951525
 0.9951525
 0.9951525
 0.9951525
 0.9951525
 0.9951525
 0.9951525
 0.9951525
 0.9951525
 0.9951525
 0.9951525
 0.9951525
 0.9951525
 0.9951525
 0.9951525
 0.9951525
 0.9951525
 0.9951525
 0.9951525
 0.9951525
 0.9951525
 0.9951525
 0.9951525
 0.9951525
 0.9951525
 0.9951525
 0.9951525
 0.9951525
 0.9951525
 0.9951525
 0.9951525
 0.9952459
 0.9952459
 0.9952459
 0.9952459
 0.9952459
 0.9952459
 0.9952459
 0.9952459
 0.9952459
 0.9952459
 0.9952459
 0.9952459
 0.9952459
 0.9952459
 0.9952459
 0.9952459
 0.9952459
 0.9952459
 0.9953392
 0.9953392
 0.9953392
 0.9953392
 0.9953392
 0.9953392
 0.9953392
 0.9953392
 0.9953392
 0.9953392
 0.9953392
 0.9953392
 0.9953392
 0.9953392
 0.9953392
 0.9953392
 0.9954326
 0.9954326
 0.9954326
 0.9954326
 0.9954326
 0.9954326
 0.9954326
 0.9954326
 0.9954326
 0.9954326
 0.9954326
 0.9954326
 0.9954326
 0.9954326
 0.9954326
 0.9954326
 0.9955260
 0.9955260
 0.9955260
 0.9955260
 0.9955260
 0.9955260
 0.9955260
 0.9955260
 0.9955260
 0.9955260
 0.9955260
 0.9955260
 0.9955260
 0.9955260
 0.9955260
 0.9955260
 0.9955260
 0.9955260
 0.9955260
 0.9955260
 0.9955260
 0.9955260
 0.9957594
 0.9957594
 0.9957594
 0.9957594
 0.9957594
 0.9957594
 0.9959150
 0.9959150
 0.9959150
 0.9959150
 0.9959150
 0.9959150
 0.9959150
 0.9959150
 0.9959150
 0.9959150
 0.9959150
 0.9959150
 0.9959150
 0.9959150
 0.9959150
 0.9959150
 0.9959150
 0.9959150
 0.9959150
 0.9959150
 0.9959150
 0.9959150
 0.9959150
 0.9959150
 0.9959150
 0.9959150
 0.9959150
 0.9959150
 0.9959150
 0.9959150
 0.9959150
 0.9959150
 0.9961485
 0.9961485
 0.9961485
 0.9961485
 0.9961485
 0.9961485
 0.9961485
 0.9961485
 0.9961485
 0.9961485
 0.9962418
 0.9962418
 0.9962418
 0.9962418
 0.9963352
 0.9963352
 0.9964519
 0.9964519
 0.9967242
 0.9967242
 0.9967242
 0.9967242
 0.9967242
 0.9967242
 0.9967242
 0.9967242
 0.9967242
 0.9967242
 0.9967242
 0.9967242
 0.9967242
 0.9967242
 0.9967242
 0.9967242
 0.9967242
 0.9967242
 0.9967242
 0.9967242
 0.9967242
 0.9967242
 0.9968176
 0.9968176
 0.9968176
 0.9968176
 0.9968176
 0.9968176
 0.9968176
 0.9968176
 0.9968176
 0.9968176
 0.9968176
 0.9968176
 0.9968176
 0.9968176
 0.9968176
 0.9968176
 0.9968176
 0.9968176
 0.9969110
 0.9969110
 0.9969110
 0.9969110
 0.9969110
 0.9969110
 0.9970044
 0.9970044
 0.9971600
 0.9971600
 0.9971600
 0.9971600
 0.9971600
 0.9971600
 0.9972767
 0.9972767
 0.9972767
 0.9972767
 0.9973934
 0.9973934
 0.9973934
 0.9973934
 0.9973934
 0.9973934
 0.9973934
 0.9973934
 0.9973934
 0.9973934
 0.9973934
 0.9973934
 0.9973934
 0.9973934
 0.9973934
 0.9973934
 0.9973934
 0.9973934
 0.9973934
 0.9973934
 0.9973934
 0.9973934
 0.9973934
 0.9973934
 0.9973934
 0.9973934
 0.9974868
 0.9974868
 0.9974868
 0.9974868
 0.9974868
 0.9974868
 0.9974868
 0.9974868
 0.9974868
 0.9974868
 0.9974868
 0.9974868
 0.9974868
 0.9974868
 0.9974868
 0.9974868
 0.9974868
 0.9974868
 0.9974868
 0.9974868
 0.9974868
 0.9974868
 0.9974868
 0.9974868
 0.9974868
 0.9974868
 0.9975801
 0.9975801
 0.9975801
 0.9975801
 0.9975801
 0.9975801
 0.9975801
 0.9975801
 0.9975801
 0.9975801
 0.9975801
 0.9975801
 0.9975801
 0.9975801
 0.9975801
 0.9975801
 0.9975801
 0.9975801
 0.9975801
 0.9975801
 0.9975801
 0.9975801
 0.9975801
 0.9975801
 0.9975801
 0.9975801
 0.9975801
 0.9975801
 0.9975801
 0.9975801
 0.9975801
 0.9975801
 0.9975801
 0.9975801
 0.9975801
 0.9975801
 0.9975801
 0.9975801
 0.9975801
 0.9975801
 0.9978136
 0.9978136
 0.9979303
 0.9979303
 0.9979303
 0.9979303
 0.9979303
 0.9979303
 0.9979303
 0.9979303
 0.9979303
 0.9979303
 0.9979303
 0.9979303
 0.9979303
 0.9979303
 0.9979303
 0.9979303
 0.9979303
 0.9979303
 0.9979303
 0.9979303
 0.9979303
 0.9979303
 0.9979303
 0.9979303
 0.9979303
 0.9979303
 0.9979303
 0.9979303
 0.9979303
 0.9979303
 0.9979303
 0.9979303
 0.9979303
 0.9979303
 0.9979303
 0.9979303
 0.9979303
 0.9979303
 0.9979303
 0.9979303
 0.9979303
 0.9979303
 0.9979303
 0.9979303
 0.9979303
 0.9979303
 0.9979303
 0.9979303
 0.9979303
 0.9979303
 0.9979303
 0.9979303
 0.9979303
 0.9979303
 0.9979303
 0.9979303
 0.9979303
 0.9979303
 0.9980237
 0.9980237
 0.9980237
 0.9980237
 0.9980237
 0.9980237
 0.9980237
 0.9980237
 0.9980237
 0.9980237
 0.9980237
 0.9980237
 0.9980237
 0.9980237
 0.9980237
 0.9980237
 0.9981404
 0.9981404
 0.9981404
 0.9981404
 0.9981404
 0.9981404
 0.9981404
 0.9981404
 0.9981404
 0.9981404
 0.9982571
 0.9982571
 0.9982571
 0.9982571
 0.9982571
 0.9982571
 0.9982571
 0.9982571
 0.9982571
 0.9982571
 0.9982571
 0.9982571
 0.9982571
 0.9982571
 0.9982571
 0.9982571
 0.9982571
 0.9982571
 0.9982571
 0.9982571
 0.9982571
 0.9982571
 0.9982571
 0.9982571
 0.9982571
 0.9982571
 0.9982571
 0.9982571
 0.9982571
 0.9982571
 0.9983738
 0.9983738
 0.9983738
 0.9983738
 0.9983738
 0.9983738
 0.9983738
 0.9983738
 0.9983738
 0.9983738
 0.9983738
 0.9983738
 0.9983738
 0.9983738
 0.9983738
 0.9983738
 0.9983738
 0.9983738
 0.9983738
 0.9983738
 0.9986072
 0.9986072
 0.9986072
 0.9986072
 0.9986072
 0.9986072
 0.9986072
 0.9986072
 0.9986072
 0.9986072
 0.9986072
 0.9986072
 0.9986072
 0.9986072
 0.9986072
 0.9986072
 0.9986072
 0.9986072
 0.9986072
 0.9986072
 0.9986072
 0.9986072
 0.9986072
 0.9986072
 0.9987006
 0.9987006
 0.9987006
 0.9987006
 0.9987006
 0.9987006
 0.9987006
 0.9987006
 0.9987006
 0.9987006
 0.9987006
 0.9987006
 0.9987006
 0.9987006
 0.9987006
 0.9987006
 0.9987006
 0.9987006
 0.9987006
 0.9987006
 0.9987006
 0.9987006
 0.9987006
 0.9987006
 0.9987006
 0.9987006
 0.9987006
 0.9987006
 0.9987006
 0.9987006
 0.9987006
 0.9987006
 0.9987006
 0.9987006
 0.9987006
 0.9987006
 0.9987006
 0.9987006
 0.9987006
 0.9987006
 0.9987006
 0.9987006
 0.9987006
 0.9987006
 0.9987006
 0.9987006
 0.9987006
 0.9987006
 0.9987006
 0.9987006
 0.9987006
 0.9987006
 0.9987006
 0.9987006
 0.9987006
 0.9987006
 0.9987006
 0.9987006
 0.9987006
 0.9987006
 0.9987006
 0.9987006
 0.9990896
 0.9990896
 0.9990896
 0.9990896
 0.9990896
 0.9990896
 0.9990896
 0.9990896
 0.9990896
 0.9990896
 0.9990896
 0.9990896
 0.9990896
 0.9990896
 0.9990896
 0.9990896
 0.9990896
 0.9990896
 0.9990896
 0.9990896
 0.9990896
 0.9990896
 0.9990896
 0.9990896
 0.9990896
 0.9990896
 0.9991830
 0.9991830
 0.9991830
 0.9991830
 0.9991830
 0.9991830
 0.9991830
 0.9991830
 0.9991830
 0.9991830
 0.9991830
 0.9991830
 0.9991830
 0.9991830
 0.9991830
 0.9991830
 0.9991830
 0.9991830
 0.9991830
 0.9991830
 0.9991830
 0.9991830
 0.9991830
 0.9991830
 0.9991830
 0.9991830
 0.9991830
 0.9991830
 0.9991830
 0.9991830
 0.9991830
 0.9991830
 0.9991830
 0.9991830
 0.9991830
 0.9991830
 0.9991830
 0.9991830
 0.9991830
 0.9991830
 0.9991830
 0.9991830
 0.9991830
 0.9991830
 0.9991830
 0.9991830
 0.9991830
 0.9991830
 0.9991830
 0.9991830
 0.9991830
 0.9991830
 0.9991830
 0.9991830
 0.9991830
 0.9991830
 0.9991830
 0.9991830
 0.9991830
 0.9991830
 0.9991830
 0.9991830
 0.9991830
 0.9991830
 0.9991830
 0.9991830
 0.9991830
 0.9991830
 0.9992997
 0.9992997
 0.9992997
 0.9992997
 0.9992997
 0.9992997
 0.9992997
 0.9992997
 0.9992997
 0.9992997
 0.9992997
 0.9992997
 0.9992997
 0.9992997
 0.9992997
 0.9992997
 0.9992997
 0.9992997
 0.9992997
 0.9992997
 0.9992997
 0.9992997
 0.9992997
 0.9992997
 0.9992997
 0.9992997
 0.9992997
 0.9992997
 0.9992997
 0.9992997
 0.9992997
 0.9992997
 0.9992997
 0.9992997
 0.9992997
 0.9992997
 0.9992997
 0.9992997
 0.9992997
 0.9992997
 0.9992997
 0.9992997
 0.9992997
 0.9992997
 0.9992997
 0.9992997
 0.9992997
 0.9992997
 0.9992997
 0.9992997
 0.9992997
 0.9992997
 0.9992997
 0.9992997
 0.9992997
 0.9992997
 0.9992997
 0.9992997
 0.9992997
 0.9992997
 0.9992997
 0.9992997
 0.9992997
 0.9992997
 0.9992997
 0.9992997
 0.9994164
 0.9994164
 0.9994164
 0.9994164
 0.9994164
 0.9994164
 0.9994164
 0.9994164
 0.9994164
 0.9994164
 0.9994164
 0.9994164
 0.9994164
 0.9994164
 0.9994164
 0.9994164
 0.9994164
 0.9994164
 0.9994164
 0.9994164
 0.9994164
 0.9994164
 0.9994164
 0.9994164
 0.9994164
 0.9994164
 0.9994164
 0.9994164
 0.9994164
 0.9994164
 0.9994164
 0.9994164
 0.9994164
 0.9994164
 0.9995331
 0.9995331
 0.9995331
 0.9995331
 0.9995331
 0.9995331
 0.9995331
 0.9995331
 0.9995331
 0.9995331
 0.9995331
 0.9995331
 0.9995331
 0.9995331
 0.9995331
 0.9995331
 0.9995331
 0.9995331
 0.9996888
 0.9996888
 0.9996888
 0.9996888
 0.9996888
 0.9996888
 0.9996888
 0.9996888
 0.9996888
 0.9996888
 0.9998444
 0.9998444
 0.9998444
 0.9998444
 0.9998444
 0.9998444
 0.9998444
 0.9998444
 0.9998444
 0.9998444
 0.9998444
 0.9998444
 1.0000000
 1.0000000
 1.0000000
