 0.0000000
 0.0000000
 0.0000000
 0.0000000
 0.0000000
 0.0000000
 0.0000000
 0.0000000
 0.0000000
 0.0000000
 0.0000000
 0.0000000
 0.0000000
 0.0000000
 0.0000000
 0.0000000
 0.0000000
 0.0000000
 0.0000000
 0.0000000
 0.0000000
 0.0000000
 0.0000000
 0.0000000
 0.0000000
 0.0000000
 0.0000000
 0.0000000
 0.0000000
 0.0000000
 0.0000000
 0.0000000
 0.0000000
 0.3245661
 0.3264108
 0.4780425
 0.4780425
 0.5912146
 0.5919491
 0.6503627
 0.6508704
 0.6848532
 0.6870318
 0.6943155
 0.6943155
 0.7421641
 0.7452246
 0.7775380
 0.7775380
 0.7778881
 0.7792115
 0.7866069
 0.7879732
 0.7895158
 0.7940431
 0.7941365
 0.7945333
 0.8038357
 0.8060688
 0.8191901
 0.8229120
 0.8265101
 0.8311832
 0.8381668
 0.8402897
 0.8519863
 0.8541183
 0.8541183
 0.8559818
 0.8586370
 0.8618739
 0.8639249
 0.8696462
 0.8706733
 0.8716086
 0.8718187
 0.8718187
 0.8723384
 0.8727197
 0.8774772
 0.8937971
 0.8937971
 0.9049549
 0.9062465
 0.9067989
 0.9070382
 0.9078754
 0.9083578
 0.9101319
 0.9105365
 0.9235319
 0.9240843
 0.9253137
 0.9253137
 0.9280370
 0.9280370
 0.9310385
 0.9314587
 0.9355955
 0.9355955
 0.9504894
 0.9505828
 0.9509796
 0.9509796
 0.9565749
 0.9565749
 0.9618861
 0.9618861
 0.9687665
 0.9688598
 0.9695134
 0.9698247
 0.9842935
 0.9842935
 0.9866433
 0.9866433
 0.9891254
 0.9891254
 0.9893589
 0.9893589
 0.9899969
 0.9899969
 0.9929739
 0.9929739
 0.9935341
 0.9935341
 0.9935341
 0.9935341
 0.9937208
 0.9937208
 0.9939932
 0.9939932
 0.9940865
 0.9940865
 0.9948024
 0.9948024
 0.9955415
 0.9955415
 0.9957516
 0.9957516
 0.9957516
 0.9957516
 0.9957516
 0.9957516
 0.9957516
 0.9957516
 0.9957516
 0.9957516
 0.9957516
 0.9957516
 0.9958450
 0.9958450
 0.9962730
 0.9962730
 0.9965064
 0.9965064
 0.9968176
 0.9968176
 0.9968176
 0.9968176
 0.9971444
 0.9971444
 0.9971444
 0.9971444
 0.9974712
 0.9974712
 0.9974712
 0.9974712
 0.9975646
 0.9975646
 0.9975646
 0.9975646
 0.9975646
 0.9975646
 0.9976580
 0.9976580
 0.9976580
 0.9976580
 0.9976580
 0.9976580
 0.9976580
 0.9976580
 0.9976580
 0.9976580
 0.9976580
 0.9976580
 0.9976580
 0.9976580
 0.9976580
 0.9976580
 0.9976580
 0.9976580
 0.9976580
 0.9976580
 0.9976580
 0.9976580
 0.9976580
 0.9976580
 0.9976580
 0.9976580
 0.9977513
 0.9977513
 0.9981948
 0.9981948
 0.9981948
 0.9981948
 0.9981948
 0.9981948
 0.9981948
 0.9981948
 0.9981948
 0.9981948
 0.9983115
 0.9983115
 0.9983115
 0.9983115
 0.9983115
 0.9983115
 0.9983115
 0.9983115
 0.9983115
 0.9983115
 0.9983115
 0.9983115
 0.9983115
 0.9983115
 0.9983115
 0.9983115
 0.9983115
 0.9983115
 0.9983115
 0.9983115
 0.9983115
 0.9983115
 0.9983115
 0.9983115
 0.9983115
 0.9983115
 0.9983115
 0.9983115
 0.9983115
 0.9983115
 0.9983115
 0.9983115
 0.9983115
 0.9983115
 0.9983115
 0.9983115
 0.9983115
 0.9983115
 0.9983115
 0.9983115
 0.9983115
 0.9983115
 0.9983115
 0.9983115
 0.9983115
 0.9983115
 0.9983115
 0.9983115
 0.9983115
 0.9983115
 0.9983115
 0.9983115
 0.9983115
 0.9983115
 0.9983115
 0.9983115
 0.9984283
 0.9984283
 0.9984283
 0.9984283
 0.9984283
 0.9984283
 0.9984283
 0.9984283
 0.9984283
 0.9984283
 0.9984283
 0.9984283
 0.9984283
 0.9984283
 0.9984283
 0.9984283
 0.9984283
 0.9984283
 0.9984283
 0.9984283
 0.9984283
 0.9984283
 0.9986617
 0.9986617
 0.9986617
 0.9986617
 0.9986617
 0.9986617
 0.9987551
 0.9987551
 0.9987551
 0.9987551
 0.9987551
 0.9987551
 0.9987551
 0.9987551
 0.9987551
 0.9987551
 0.9987551
 0.9987551
 0.9987551
 0.9987551
 0.9987551
 0.9987551
 0.9987551
 0.9987551
 0.9987551
 0.9987551
 0.9989107
 0.9989107
 0.9989107
 0.9989107
 0.9989107
 0.9989107
 0.9989107
 0.9989107
 0.9989107
 0.9989107
 0.9989107
 0.9989107
 0.9989107
 0.9989107
 0.9989107
 0.9989107
 0.9989107
 0.9989107
 0.9989107
 0.9989107
 0.9989107
 0.9989107
 0.9989107
 0.9989107
 0.9989107
 0.9989107
 0.9989107
 0.9989107
 0.9989107
 0.9989107
 0.9989107
 0.9989107
 0.9989107
 0.9989107
 0.9989107
 0.9989107
 0.9990040
 0.9990040
 0.9990040
 0.9990040
 0.9990974
 0.9990974
 0.9990974
 0.9990974
 0.9990974
 0.9990974
 0.9990974
 0.9990974
 0.9990974
 0.9990974
 0.9990974
 0.9990974
 0.9990974
 0.9990974
 0.9990974
 0.9990974
 0.9990974
 0.9990974
 0.9990974
 0.9990974
 0.9990974
 0.9990974
 0.9990974
 0.9990974
 0.9990974
 0.9990974
 0.9990974
 0.9990974
 0.9990974
 0.9990974
 0.9990974
 0.9990974
 0.9990974
 0.9990974
 0.9990974
 0.9990974
 0.9990974
 0.9990974
 0.9990974
 0.9990974
 0.9990974
 0.9990974
 0.9990974
 0.9990974
 0.9990974
 0.9990974
 0.9990974
 0.9990974
 0.9990974
 0.9990974
 0.9990974
 0.9990974
 0.9990974
 0.9990974
 0.9990974
 0.9990974
 0.9990974
 0.9990974
 0.9990974
 0.9990974
 0.9990974
 0.9990974
 0.9990974
 0.9990974
 0.9990974
 0.9990974
 0.9990974
 0.9990974
 0.9990974
 0.9990974
 0.9990974
 0.9990974
 0.9990974
 0.9990974
 0.9990974
 0.9990974
 0.9990974
 0.9990974
 0.9990974
 0.9990974
 0.9990974
 0.9990974
 0.9990974
 0.9990974
 0.9990974
 0.9990974
 0.9990974
 0.9990974
 0.9990974
 0.9990974
 0.9990974
 0.9990974
 0.9990974
 0.9990974
 0.9990974
 0.9990974
 0.9990974
 0.9990974
 0.9990974
 0.9990974
 0.9990974
 0.9990974
 0.9990974
 0.9990974
 0.9990974
 0.9990974
 0.9990974
 0.9990974
 0.9990974
 0.9990974
 0.9990974
 0.9990974
 0.9990974
 0.9990974
 0.9990974
 0.9990974
 0.9990974
 0.9990974
 0.9990974
 0.9990974
 0.9990974
 0.9990974
 0.9990974
 0.9990974
 0.9990974
 0.9990974
 0.9990974
 0.9990974
 0.9990974
 0.9990974
 0.9990974
 0.9990974
 0.9990974
 0.9990974
 0.9992141
 0.9992141
 0.9992141
 0.9992141
 0.9992141
 0.9992141
 0.9992141
 0.9992141
 0.9992141
 0.9992141
 0.9992141
 0.9992141
 0.9992141
 0.9992141
 0.9992141
 0.9992141
 0.9992141
 0.9992141
 0.9992141
 0.9992141
 0.9992141
 0.9992141
 0.9992141
 0.9992141
 0.9992141
 0.9992141
 0.9992141
 0.9992141
 0.9992141
 0.9992141
 0.9992141
 0.9992141
 0.9992141
 0.9992141
 0.9992141
 0.9992141
 0.9992141
 0.9992141
 0.9992141
 0.9992141
 0.9992141
 0.9992141
 0.9992141
 0.9992141
 0.9992141
 0.9992141
 0.9992141
 0.9992141
 0.9992141
 0.9992141
 0.9992141
 0.9992141
 0.9992141
 0.9992141
 0.9992141
 0.9992141
 0.9992141
 0.9992141
 0.9992141
 0.9992141
 0.9992141
 0.9992141
 0.9992141
 0.9992141
 0.9992141
 0.9992141
 0.9992141
 0.9992141
 0.9992141
 0.9992141
 0.9992141
 0.9992141
 0.9992141
 0.9992141
 0.9992141
 0.9992141
 0.9992141
 0.9992141
 0.9992141
 0.9992141
 0.9992141
 0.9992141
 0.9992141
 0.9992141
 0.9992141
 0.9992141
 0.9992141
 0.9992141
 0.9992141
 0.9992141
 0.9992141
 0.9992141
 0.9992141
 0.9992141
 0.9992141
 0.9992141
 0.9992141
 0.9992141
 0.9992141
 0.9992141
 0.9992141
 0.9992141
 0.9992141
 0.9992141
 0.9992141
 0.9992141
 0.9992141
 0.9992141
 0.9992141
 0.9992141
 0.9992141
 0.9992141
 0.9992141
 0.9992141
 0.9992141
 0.9992141
 0.9992141
 0.9992141
 0.9992141
 0.9992141
 0.9992141
 0.9992141
 0.9992141
 0.9992141
 0.9992141
 0.9992141
 0.9992141
 0.9992141
 0.9992141
 0.9992141
 0.9992141
 0.9992141
 0.9992141
 0.9992141
 0.9992141
 0.9992141
 0.9992141
 0.9992141
 0.9992141
 0.9992141
 0.9992141
 0.9992141
 0.9992141
 0.9992141
 0.9992141
 0.9992141
 0.9993075
 0.9993075
 0.9993075
 0.9993075
 0.9993075
 0.9993075
 0.9993075
 0.9993075
 0.9993075
 0.9993075
 0.9993075
 0.9993075
 0.9993075
 0.9993075
 0.9993075
 0.9993075
 0.9993075
 0.9993075
 0.9993075
 0.9993075
 0.9993075
 0.9993075
 0.9993075
 0.9993075
 0.9993075
 0.9993075
 0.9993075
 0.9993075
 0.9993075
 0.9993075
 0.9993075
 0.9993075
 0.9994009
 0.9994009
 0.9994009
 0.9994009
 0.9994009
 0.9994009
 0.9994009
 0.9994009
 0.9994009
 0.9994009
 0.9994009
 0.9994009
 0.9994009
 0.9994009
 0.9994009
 0.9994009
 0.9994009
 0.9994009
 0.9995565
 0.9995565
 0.9995565
 0.9995565
 0.9995565
 0.9995565
 0.9995565
 0.9995565
 0.9995565
 0.9995565
 0.9995565
 0.9995565
 0.9995565
 0.9995565
 0.9995565
 0.9995565
 0.9995565
 0.9995565
 0.9995565
 0.9995565
 0.9995565
 0.9995565
 0.9995565
 0.9995565
 0.9995565
 0.9995565
 0.9995565
 0.9995565
 0.9995565
 0.9995565
 0.9995565
 0.9995565
 0.9995565
 0.9995565
 0.9995565
 0.9995565
 0.9995565
 0.9995565
 0.9995565
 0.9995565
 0.9996499
 0.9996499
 0.9996499
 0.9996499
 0.9996499
 0.9996499
 0.9996499
 0.9996499
 0.9996499
 0.9996499
 0.9996499
 0.9996499
 0.9996499
 0.9996499
 0.9996499
 0.9996499
 0.9996499
 0.9996499
 0.9996499
 0.9996499
 0.9996499
 0.9996499
 0.9996499
 0.9996499
 0.9996499
 0.9996499
 0.9996499
 0.9996499
 0.9996499
 0.9996499
 0.9996499
 0.9996499
 0.9996499
 0.9996499
 0.9996499
 0.9996499
 0.9996499
 0.9996499
 0.9996499
 0.9996499
 0.9996499
 0.9996499
 0.9996499
 0.9996499
 0.9996499
 0.9996499
 0.9996499
 0.9996499
 0.9996499
 0.9996499
 0.9996499
 0.9996499
 0.9996499
 0.9996499
 0.9996499
 0.9996499
 0.9996499
 0.9996499
 0.9996499
 0.9996499
 0.9998833
 0.9998833
 0.9998833
 0.9998833
 0.9998833
 0.9998833
 0.9998833
 0.9998833
 0.9998833
 0.9998833
 0.9998833
 0.9998833
 0.9998833
 0.9998833
 0.9998833
 0.9998833
 0.9998833
 0.9998833
 0.9998833
 0.9998833
 0.9998833
 0.9998833
 0.9998833
 0.9998833
 0.9998833
 0.9998833
 0.9998833
 0.9998833
 0.9998833
 0.9998833
 0.9998833
 0.9998833
 0.9998833
 0.9998833
 0.9998833
 0.9998833
 0.9998833
 0.9998833
 0.9998833
 0.9998833
 0.9998833
 0.9998833
 0.9998833
 0.9998833
 0.9998833
 0.9998833
 0.9998833
 0.9998833
 0.9998833
 0.9998833
 0.9998833
 0.9998833
 0.9998833
 0.9998833
 0.9998833
 0.9998833
 0.9998833
 0.9998833
 0.9998833
 0.9998833
 0.9998833
 0.9998833
 0.9998833
 0.9998833
 0.9998833
 0.9998833
 0.9998833
 0.9998833
 0.9998833
 0.9998833
 0.9998833
 0.9998833
 0.9998833
 0.9998833
 0.9998833
 0.9998833
 0.9998833
 0.9998833
 0.9998833
 0.9998833
 0.9998833
 0.9998833
 0.9998833
 0.9998833
 0.9998833
 0.9998833
 0.9998833
 0.9998833
 0.9998833
 0.9998833
 0.9998833
 0.9998833
 0.9998833
 0.9998833
 0.9998833
 0.9998833
 0.9998833
 0.9998833
 0.9998833
 0.9998833
 0.9998833
 0.9998833
 0.9998833
 0.9998833
 0.9998833
 0.9998833
 0.9998833
 0.9998833
 0.9998833
 0.9998833
 0.9998833
 0.9998833
 0.9998833
 0.9998833
 0.9998833
 0.9998833
 0.9998833
 0.9998833
 0.9998833
 0.9998833
 0.9998833
 0.9998833
 0.9998833
 0.9998833
 0.9998833
 0.9998833
 0.9998833
 0.9998833
 0.9998833
 0.9998833
 0.9998833
 0.9998833
 0.9998833
 0.9998833
 0.9998833
 0.9998833
 0.9998833
 0.9998833
 0.9998833
 0.9998833
 0.9998833
 0.9998833
 0.9998833
 0.9998833
 0.9998833
 0.9998833
 0.9998833
 0.9998833
 0.9998833
 0.9998833
 0.9998833
 0.9998833
 0.9998833
 0.9998833
 0.9998833
 0.9998833
 0.9998833
 0.9998833
 0.9998833
 0.9998833
 0.9998833
 0.9998833
 0.9998833
 0.9998833
 0.9998833
 0.9998833
 0.9998833
 0.9998833
 0.9998833
 0.9998833
 0.9998833
 0.9998833
 0.9998833
 0.9998833
 0.9998833
 0.9998833
 0.9998833
 0.9998833
 0.9998833
 0.9998833
 0.9998833
 0.9998833
 0.9998833
 0.9998833
 0.9998833
 0.9998833
 0.9998833
 0.9998833
 0.9998833
 0.9998833
 0.9998833
 0.9998833
 0.9998833
 0.9998833
 0.9998833
 0.9998833
 0.9998833
 0.9998833
 0.9998833
 0.9998833
 0.9998833
 0.9998833
 0.9998833
 0.9998833
 0.9998833
 0.9998833
 0.9998833
 0.9998833
 0.9998833
 0.9998833
 0.9998833
 0.9998833
 0.9998833
 0.9998833
 0.9998833
 0.9998833
 0.9998833
 0.9998833
 0.9998833
 0.9998833
 0.9998833
 0.9998833
 0.9998833
 0.9998833
 0.9998833
 0.9998833
 0.9998833
 0.9998833
 0.9998833
 0.9998833
 0.9998833
 0.9998833
 0.9998833
 0.9998833
 0.9998833
 0.9998833
 0.9998833
 0.9998833
 0.9998833
 0.9998833
 0.9998833
 0.9998833
 0.9998833
 0.9998833
 0.9998833
 0.9998833
 0.9998833
 0.9998833
 0.9998833
 0.9998833
 0.9998833
 0.9998833
 0.9998833
 0.9998833
 0.9998833
 0.9998833
 0.9998833
 0.9998833
 0.9998833
 0.9998833
 0.9998833
 0.9998833
 0.9998833
 0.9998833
 0.9998833
 0.9998833
 0.9998833
 0.9998833
 0.9998833
 0.9998833
 0.9998833
 0.9998833
 0.9998833
 0.9998833
 0.9998833
 0.9998833
 0.9998833
 0.9998833
 0.9998833
 0.9998833
 0.9998833
 0.9998833
 0.9998833
 0.9998833
 0.9998833
 0.9998833
 0.9998833
 0.9998833
 0.9998833
 0.9998833
 0.9998833
 0.9998833
 0.9998833
 0.9998833
 0.9998833
 0.9998833
 0.9998833
 0.9998833
 0.9998833
 0.9998833
 0.9998833
 0.9998833
 0.9998833
 0.9998833
 0.9998833
 0.9998833
 0.9998833
 0.9998833
 0.9998833
 0.9998833
 0.9998833
 0.9998833
 0.9998833
 0.9998833
 1.0000000
 1.0000000
 1.0000000
 1.0000000
 1.0000000
 1.0000000
 1.0000000
 1.0000000
 1.0000000
 1.0000000
 1.0000000
 1.0000000
 1.0000000
 1.0000000
 1.0000000
 1.0000000
 1.0000000
 1.0000000
 1.0000000
 1.0000000
 1.0000000
 1.0000000
 1.0000000
 1.0000000
 1.0000000
 1.0000000
 1.0000000
 1.0000000
 1.0000000
 1.0000000
 1.0000000
 1.0000000
 1.0000000
 1.0000000
 1.0000000
 1.0000000
 1.0000000
 1.0000000
 1.0000000
 1.0000000
 1.0000000
 1.0000000
 1.0000000
 1.0000000
 1.0000000
 1.0000000
 1.0000000
 1.0000000
 1.0000000
 1.0000000
 1.0000000
 1.0000000
 1.0000000
 1.0000000
 1.0000000
 1.0000000
 1.0000000
 1.0000000
 1.0000000
 1.0000000
 1.0000000
 1.0000000
 1.0000000
 1.0000000
 1.0000000
 1.0000000
 1.0000000
 1.0000000
 1.0000000
 1.0000000
 1.0000000
 1.0000000
 1.0000000
 1.0000000
 1.0000000
 1.0000000
 1.0000000
 1.0000000
 1.0000000
 1.0000000
 1.0000000
 1.0000000
 1.0000000
 1.0000000
 1.0000000
 1.0000000
 1.0000000
 1.0000000
 1.0000000
 1.0000000
 1.0000000
 1.0000000
 1.0000000
 1.0000000
 1.0000000
 1.0000000
 1.0000000
 1.0000000
 1.0000000
 1.0000000
 1.0000000
 1.0000000
 1.0000000
 1.0000000
 1.0000000
 1.0000000
 1.0000000
 1.0000000
 1.0000000
 1.0000000
 1.0000000
 1.0000000
 1.0000000
 1.0000000
 1.0000000
 1.0000000
 1.0000000
 1.0000000
 1.0000000
 1.0000000
 1.0000000
 1.0000000
 1.0000000
 1.0000000
 1.0000000
 1.0000000
 1.0000000
 1.0000000
 1.0000000
 1.0000000
 1.0000000
 1.0000000
 1.0000000
 1.0000000
 1.0000000
 1.0000000
 1.0000000
 1.0000000
 1.0000000
 1.0000000
 1.0000000
 1.0000000
 1.0000000
 1.0000000
 1.0000000
 1.0000000
 1.0000000
 1.0000000
 1.0000000
 1.0000000
 1.0000000
 1.0000000
 1.0000000
 1.0000000
 1.0000000
 1.0000000
 1.0000000
 1.0000000
 1.0000000
 1.0000000
 1.0000000
 1.0000000
 1.0000000
 1.0000000
 1.0000000
 1.0000000
 1.0000000
 1.0000000
 1.0000000
 1.0000000
 1.0000000
 1.0000000
 1.0000000
 1.0000000
 1.0000000
 1.0000000
 1.0000000
 1.0000000
 1.0000000
 1.0000000
 1.0000000
 1.0000000
 1.0000000
 1.0000000
 1.0000000
 1.0000000
 1.0000000
 1.0000000
 1.0000000
 1.0000000
 1.0000000
 1.0000000
 1.0000000
 1.0000000
 1.0000000
 1.0000000
 1.0000000
 1.0000000
 1.0000000
 1.0000000
 1.0000000
 1.0000000
 1.0000000
 1.0000000
 1.0000000
 1.0000000
 1.0000000
 1.0000000
 1.0000000
 1.0000000
 1.0000000
 1.0000000
 1.0000000
 1.0000000
 1.0000000
 1.0000000
 1.0000000
 1.0000000
 1.0000000
 1.0000000
 1.0000000
 1.0000000
 1.0000000
 1.0000000
 1.0000000
 1.0000000
 1.0000000
 1.0000000
 1.0000000
 1.0000000
 1.0000000
 1.0000000
 1.0000000
 1.0000000
 1.0000000
 1.0000000
 1.0000000
 1.0000000
 1.0000000
 1.0000000
 1.0000000
 1.0000000
 1.0000000
 1.0000000
 1.0000000
 1.0000000
 1.0000000
 1.0000000
 1.0000000
 1.0000000
 1.0000000
 1.0000000
 1.0000000
 1.0000000
 1.0000000
 1.0000000
 1.0000000
 1.0000000
 1.0000000
 1.0000000
 1.0000000
 1.0000000
 1.0000000
 1.0000000
 1.0000000
 1.0000000
 1.0000000
 1.0000000
 1.0000000
 1.0000000
 1.0000000
 1.0000000
 1.0000000
 1.0000000
 1.0000000
 1.0000000
 1.0000000
 1.0000000
 1.0000000
 1.0000000
 1.0000000
 1.0000000
 1.0000000
 1.0000000
 1.0000000
 1.0000000
 1.0000000
 1.0000000
 1.0000000
 1.0000000
 1.0000000
 1.0000000
 1.0000000
 1.0000000
 1.0000000
 1.0000000
 1.0000000
 1.0000000
 1.0000000
 1.0000000
 1.0000000
 1.0000000
 1.0000000
 1.0000000
 1.0000000
 1.0000000
 1.0000000
 1.0000000
 1.0000000
 1.0000000
 1.0000000
 1.0000000
 1.0000000
 1.0000000
 1.0000000
 1.0000000
 1.0000000
 1.0000000
 1.0000000
 1.0000000
 1.0000000
 1.0000000
 1.0000000
 1.0000000
 1.0000000
 1.0000000
 1.0000000
 1.0000000
 1.0000000
 1.0000000
 1.0000000
 1.0000000
 1.0000000
 1.0000000
 1.0000000
 1.0000000
 1.0000000
 1.0000000
 1.0000000
 1.0000000
 1.0000000
 1.0000000
 1.0000000
 1.0000000
 1.0000000
 1.0000000
 1.0000000
 1.0000000
 1.0000000
 1.0000000
 1.0000000
 1.0000000
 1.0000000
 1.0000000
 1.0000000
 1.0000000
 1.0000000
 1.0000000
 1.0000000
 1.0000000
 1.0000000
 1.0000000
 1.0000000
 1.0000000
 1.0000000
 1.0000000
 1.0000000
 1.0000000
 1.0000000
 1.0000000
 1.0000000
 1.0000000
 1.0000000
 1.0000000
 1.0000000
 1.0000000
 1.0000000
 1.0000000
 1.0000000
 1.0000000
 1.0000000
 1.0000000
 1.0000000
 1.0000000
 1.0000000
 1.0000000
 1.0000000
 1.0000000
 1.0000000
 1.0000000
 1.0000000
 1.0000000
 1.0000000
