 0.0000000
 0.0000000
 0.0000000
 0.0000000
 0.0000000
 0.0000000
 0.0000000
 0.0000000
 0.0000000
 0.0000000
 0.0000000
 0.0000000
 0.0000000
 0.0000000
 0.0000000
 0.0000000
 0.0000778
 0.0000778
 0.0001556
 0.0001556
 0.0001556
 0.0001556
 0.1492294
 0.1493461
 0.2008131
 0.2015017
 0.5662242
 0.5676092
 0.6405754
 0.6535646
 0.6641569
 0.6676661
 0.7221392
 0.7250571
 0.7286596
 0.7320287
 0.7557165
 0.7564370
 0.7621121
 0.8099599
 0.8207081
 0.8299953
 0.8309757
 0.8366908
 0.8374222
 0.8624763
 0.8627097
 0.8635345
 0.8674171
 0.9453848
 0.9456182
 0.9859866
 0.9859866
 0.9865391
 0.9865391
 0.9873716
 0.9873716
 0.9898226
 0.9898226
 0.9900327
 0.9900327
 0.9921180
 0.9921180
 0.9927949
 0.9927949
 0.9936819
 0.9936819
 0.9936819
 0.9936819
 0.9945456
 0.9945456
 0.9947012
 0.9947012
 0.9947946
 0.9947946
 0.9951603
 0.9951603
 0.9951603
 0.9951603
 0.9961485
 0.9961485
 0.9963819
 0.9963819
 0.9963819
 0.9963819
 0.9964986
 0.9964986
 0.9967709
 0.9967709
 0.9970044
 0.9970044
 0.9971211
 0.9971211
 0.9971211
 0.9971211
 0.9973701
 0.9973701
 0.9973701
 0.9973701
 0.9973701
 0.9973701
 0.9973701
 0.9973701
 0.9976035
 0.9976035
 0.9976035
 0.9976035
 0.9976035
 0.9976035
 0.9976969
 0.9976969
 0.9976969
 0.9976969
 0.9976969
 0.9976969
 0.9976969
 0.9976969
 0.9976969
 0.9976969
 0.9976969
 0.9976969
 0.9976969
 0.9976969
 0.9976969
 0.9976969
 0.9976969
 0.9976969
 0.9978136
 0.9978136
 0.9978136
 0.9978136
 0.9979303
 0.9979303
 0.9979303
 0.9979303
 0.9980859
 0.9980859
 0.9980859
 0.9980859
 0.9980859
 0.9980859
 0.9980859
 0.9980859
 0.9980859
 0.9980859
 0.9980859
 0.9980859
 0.9980859
 0.9980859
 0.9982026
 0.9982026
 0.9982026
 0.9982026
 0.9982026
 0.9982026
 0.9983582
 0.9983582
 0.9983582
 0.9983582
 0.9983582
 0.9983582
 0.9983582
 0.9983582
 0.9985917
 0.9985917
 0.9985917
 0.9985917
 0.9985917
 0.9985917
 0.9985917
 0.9985917
 0.9985917
 0.9985917
 0.9985917
 0.9985917
 0.9985917
 0.9985917
 0.9985917
 0.9985917
 0.9985917
 0.9985917
 0.9985917
 0.9985917
 0.9985917
 0.9985917
 0.9987473
 0.9987473
 0.9987473
 0.9987473
 0.9990741
 0.9990741
 0.9990741
 0.9990741
 0.9990741
 0.9990741
 0.9990741
 0.9990741
 0.9990741
 0.9990741
 0.9990741
 0.9990741
 0.9990741
 0.9990741
 0.9990741
 0.9990741
 0.9990741
 0.9990741
 0.9990741
 0.9990741
 0.9990741
 0.9990741
 0.9990741
 0.9990741
 0.9990741
 0.9990741
 0.9990741
 0.9990741
 0.9990741
 0.9990741
 0.9990741
 0.9990741
 0.9990741
 0.9990741
 0.9990741
 0.9990741
 0.9990741
 0.9990741
 0.9990741
 0.9990741
 0.9990741
 0.9990741
 0.9990741
 0.9990741
 0.9990741
 0.9990741
 0.9990741
 0.9990741
 0.9990741
 0.9990741
 0.9990741
 0.9990741
 0.9990741
 0.9990741
 0.9990741
 0.9990741
 0.9990741
 0.9990741
 0.9990741
 0.9990741
 0.9990741
 0.9990741
 0.9990741
 0.9990741
 0.9990741
 0.9990741
 0.9990741
 0.9990741
 0.9990741
 0.9990741
 0.9990741
 0.9990741
 0.9990741
 0.9990741
 0.9990741
 0.9990741
 0.9990741
 0.9990741
 0.9990741
 0.9990741
 0.9990741
 0.9990741
 0.9990741
 0.9990741
 0.9990741
 0.9990741
 0.9990741
 0.9990741
 0.9990741
 0.9990741
 0.9990741
 0.9990741
 0.9990741
 0.9990741
 0.9991908
 0.9991908
 0.9991908
 0.9991908
 0.9991908
 0.9991908
 0.9991908
 0.9991908
 0.9991908
 0.9991908
 0.9991908
 0.9991908
 0.9991908
 0.9991908
 0.9991908
 0.9991908
 0.9991908
 0.9991908
 0.9991908
 0.9991908
 0.9991908
 0.9991908
 0.9991908
 0.9991908
 0.9991908
 0.9991908
 0.9991908
 0.9991908
 0.9991908
 0.9991908
 0.9991908
 0.9991908
 0.9991908
 0.9991908
 0.9991908
 0.9991908
 0.9991908
 0.9991908
 0.9991908
 0.9991908
 0.9991908
 0.9991908
 0.9991908
 0.9991908
 0.9991908
 0.9991908
 0.9991908
 0.9991908
 0.9991908
 0.9991908
 0.9991908
 0.9991908
 0.9991908
 0.9991908
 0.9991908
 0.9991908
 0.9991908
 0.9991908
 0.9991908
 0.9991908
 0.9991908
 0.9991908
 0.9991908
 0.9991908
 0.9991908
 0.9991908
 0.9991908
 0.9991908
 0.9991908
 0.9991908
 0.9991908
 0.9991908
 0.9991908
 0.9991908
 0.9991908
 0.9991908
 0.9991908
 0.9991908
 0.9991908
 0.9991908
 0.9991908
 0.9991908
 0.9991908
 0.9991908
 0.9991908
 0.9991908
 0.9991908
 0.9991908
 0.9991908
 0.9991908
 0.9991908
 0.9991908
 0.9991908
 0.9991908
 0.9991908
 0.9991908
 0.9991908
 0.9991908
 0.9991908
 0.9991908
 0.9991908
 0.9991908
 0.9992842
 0.9992842
 0.9992842
 0.9992842
 0.9992842
 0.9992842
 0.9992842
 0.9992842
 0.9992842
 0.9992842
 0.9992842
 0.9992842
 0.9992842
 0.9992842
 0.9992842
 0.9992842
 0.9992842
 0.9992842
 0.9992842
 0.9992842
 0.9992842
 0.9992842
 0.9992842
 0.9992842
 0.9994398
 0.9994398
 0.9994398
 0.9994398
 0.9994398
 0.9994398
 0.9994398
 0.9994398
 0.9994398
 0.9994398
 0.9994398
 0.9994398
 0.9994398
 0.9994398
 0.9994398
 0.9994398
 0.9994398
 0.9994398
 0.9994398
 0.9994398
 0.9994398
 0.9994398
 0.9994398
 0.9994398
 0.9994398
 0.9994398
 0.9994398
 0.9994398
 0.9994398
 0.9994398
 0.9994398
 0.9994398
 0.9994398
 0.9994398
 0.9994398
 0.9994398
 0.9994398
 0.9994398
 0.9994398
 0.9994398
 0.9994398
 0.9994398
 0.9994398
 0.9994398
 0.9994398
 0.9994398
 0.9994398
 0.9994398
 0.9994398
 0.9994398
 0.9994398
 0.9994398
 0.9994398
 0.9994398
 0.9994398
 0.9994398
 0.9994398
 0.9994398
 0.9994398
 0.9994398
 0.9996499
 0.9996499
 0.9996499
 0.9996499
 0.9996499
 0.9996499
 0.9996499
 0.9996499
 0.9996499
 0.9996499
 0.9996499
 0.9996499
 0.9996499
 0.9996499
 0.9996499
 0.9996499
 0.9996499
 0.9996499
 0.9996499
 0.9996499
 0.9996499
 0.9996499
 0.9996499
 0.9996499
 0.9996499
 0.9996499
 0.9996499
 0.9996499
 0.9996499
 0.9996499
 0.9996499
 0.9996499
 0.9996499
 0.9996499
 0.9996499
 0.9996499
 0.9996499
 0.9996499
 0.9996499
 0.9996499
 0.9996499
 0.9996499
 0.9996499
 0.9996499
 0.9996499
 0.9996499
 0.9996499
 0.9996499
 0.9996499
 0.9996499
 0.9996499
 0.9996499
 0.9996499
 0.9996499
 0.9996499
 0.9996499
 0.9996499
 0.9996499
 0.9996499
 0.9996499
 0.9996499
 0.9996499
 0.9996499
 0.9996499
 0.9996499
 0.9996499
 0.9996499
 0.9996499
 0.9996499
 0.9996499
 0.9996499
 0.9996499
 0.9996499
 0.9996499
 0.9996499
 0.9996499
 0.9996499
 0.9996499
 0.9996499
 0.9996499
 0.9996499
 0.9996499
 0.9996499
 0.9996499
 0.9996499
 0.9996499
 0.9996499
 0.9996499
 0.9996499
 0.9996499
 0.9996499
 0.9996499
 0.9996499
 0.9996499
 0.9996499
 0.9996499
 0.9996499
 0.9996499
 0.9996499
 0.9996499
 0.9996499
 0.9996499
 0.9996499
 0.9996499
 0.9996499
 0.9996499
 0.9996499
 0.9996499
 0.9996499
 0.9996499
 0.9996499
 0.9996499
 0.9996499
 0.9996499
 0.9996499
 0.9996499
 0.9996499
 0.9996499
 0.9996499
 0.9996499
 0.9996499
 0.9996499
 0.9996499
 0.9996499
 0.9996499
 0.9996499
 0.9996499
 0.9996499
 0.9996499
 0.9998833
 0.9998833
 0.9998833
 0.9998833
 0.9998833
 0.9998833
 0.9998833
 0.9998833
 0.9998833
 0.9998833
 0.9998833
 0.9998833
 0.9998833
 0.9998833
 0.9998833
 0.9998833
 0.9998833
 0.9998833
 0.9998833
 0.9998833
 0.9998833
 0.9998833
 0.9998833
 0.9998833
 0.9998833
 0.9998833
 0.9998833
 0.9998833
 0.9998833
 0.9998833
 0.9998833
 0.9998833
 0.9998833
 0.9998833
 0.9998833
 0.9998833
 0.9998833
 0.9998833
 0.9998833
 0.9998833
 0.9998833
 0.9998833
 0.9998833
 0.9998833
 0.9998833
 0.9998833
 0.9998833
 0.9998833
 0.9998833
 0.9998833
 0.9998833
 0.9998833
 0.9998833
 0.9998833
 0.9998833
 0.9998833
 0.9998833
 0.9998833
 0.9998833
 0.9998833
 0.9998833
 0.9998833
 0.9998833
 0.9998833
 0.9998833
 0.9998833
 0.9998833
 0.9998833
 0.9998833
 0.9998833
 0.9998833
 0.9998833
 0.9998833
 0.9998833
 0.9998833
 0.9998833
 0.9998833
 0.9998833
 0.9998833
 0.9998833
 0.9998833
 0.9998833
 0.9998833
 0.9998833
 0.9998833
 0.9998833
 0.9998833
 0.9998833
 0.9998833
 0.9998833
 0.9998833
 0.9998833
 0.9998833
 0.9998833
 0.9998833
 0.9998833
 0.9998833
 0.9998833
 0.9998833
 0.9998833
 0.9998833
 0.9998833
 0.9998833
 0.9998833
 0.9998833
 0.9998833
 0.9998833
 0.9998833
 0.9998833
 0.9998833
 0.9998833
 0.9998833
 0.9998833
 0.9998833
 0.9998833
 0.9998833
 0.9998833
 0.9998833
 0.9998833
 0.9998833
 0.9998833
 0.9998833
 0.9998833
 0.9998833
 0.9998833
 0.9998833
 0.9998833
 0.9998833
 0.9998833
 0.9998833
 0.9998833
 1.0000000
 1.0000000
 1.0000000
 1.0000000
 1.0000000
 1.0000000
 1.0000000
 1.0000000
 1.0000000
 1.0000000
 1.0000000
 1.0000000
 1.0000000
 1.0000000
 1.0000000
 1.0000000
 1.0000000
 1.0000000
 1.0000000
 1.0000000
 1.0000000
 1.0000000
 1.0000000
 1.0000000
 1.0000000
 1.0000000
 1.0000000
 1.0000000
 1.0000000
 1.0000000
 1.0000000
 1.0000000
 1.0000000
 1.0000000
 1.0000000
 1.0000000
 1.0000000
 1.0000000
 1.0000000
 1.0000000
 1.0000000
 1.0000000
 1.0000000
 1.0000000
 1.0000000
 1.0000000
 1.0000000
 1.0000000
 1.0000000
 1.0000000
 1.0000000
 1.0000000
 1.0000000
 1.0000000
 1.0000000
 1.0000000
 1.0000000
 1.0000000
 1.0000000
 1.0000000
 1.0000000
 1.0000000
 1.0000000
 1.0000000
 1.0000000
 1.0000000
 1.0000000
 1.0000000
 1.0000000
 1.0000000
 1.0000000
 1.0000000
 1.0000000
 1.0000000
 1.0000000
 1.0000000
 1.0000000
 1.0000000
 1.0000000
 1.0000000
 1.0000000
 1.0000000
 1.0000000
 1.0000000
 1.0000000
 1.0000000
 1.0000000
 1.0000000
 1.0000000
 1.0000000
 1.0000000
 1.0000000
 1.0000000
 1.0000000
 1.0000000
 1.0000000
 1.0000000
 1.0000000
 1.0000000
 1.0000000
 1.0000000
 1.0000000
 1.0000000
 1.0000000
 1.0000000
 1.0000000
 1.0000000
 1.0000000
 1.0000000
 1.0000000
 1.0000000
 1.0000000
 1.0000000
 1.0000000
 1.0000000
 1.0000000
 1.0000000
 1.0000000
 1.0000000
 1.0000000
 1.0000000
 1.0000000
 1.0000000
 1.0000000
 1.0000000
 1.0000000
 1.0000000
 1.0000000
 1.0000000
 1.0000000
 1.0000000
 1.0000000
 1.0000000
 1.0000000
 1.0000000
 1.0000000
 1.0000000
 1.0000000
 1.0000000
 1.0000000
 1.0000000
 1.0000000
 1.0000000
 1.0000000
 1.0000000
 1.0000000
 1.0000000
 1.0000000
 1.0000000
 1.0000000
 1.0000000
 1.0000000
 1.0000000
 1.0000000
 1.0000000
 1.0000000
 1.0000000
 1.0000000
 1.0000000
 1.0000000
 1.0000000
 1.0000000
 1.0000000
 1.0000000
 1.0000000
 1.0000000
 1.0000000
 1.0000000
 1.0000000
 1.0000000
 1.0000000
 1.0000000
 1.0000000
 1.0000000
 1.0000000
 1.0000000
 1.0000000
 1.0000000
 1.0000000
 1.0000000
 1.0000000
 1.0000000
 1.0000000
 1.0000000
 1.0000000
 1.0000000
 1.0000000
 1.0000000
 1.0000000
 1.0000000
 1.0000000
 1.0000000
 1.0000000
 1.0000000
 1.0000000
 1.0000000
 1.0000000
 1.0000000
 1.0000000
 1.0000000
 1.0000000
 1.0000000
 1.0000000
 1.0000000
 1.0000000
 1.0000000
 1.0000000
 1.0000000
 1.0000000
 1.0000000
 1.0000000
 1.0000000
 1.0000000
 1.0000000
 1.0000000
 1.0000000
 1.0000000
 1.0000000
 1.0000000
 1.0000000
 1.0000000
 1.0000000
 1.0000000
 1.0000000
 1.0000000
 1.0000000
 1.0000000
 1.0000000
 1.0000000
 1.0000000
 1.0000000
 1.0000000
 1.0000000
 1.0000000
 1.0000000
 1.0000000
 1.0000000
 1.0000000
 1.0000000
 1.0000000
 1.0000000
 1.0000000
 1.0000000
 1.0000000
 1.0000000
 1.0000000
 1.0000000
 1.0000000
 1.0000000
 1.0000000
 1.0000000
 1.0000000
 1.0000000
 1.0000000
 1.0000000
 1.0000000
 1.0000000
 1.0000000
 1.0000000
 1.0000000
 1.0000000
 1.0000000
 1.0000000
 1.0000000
 1.0000000
 1.0000000
 1.0000000
 1.0000000
 1.0000000
 1.0000000
 1.0000000
 1.0000000
 1.0000000
 1.0000000
 1.0000000
 1.0000000
 1.0000000
 1.0000000
 1.0000000
 1.0000000
 1.0000000
 1.0000000
 1.0000000
 1.0000000
 1.0000000
 1.0000000
 1.0000000
 1.0000000
 1.0000000
 1.0000000
 1.0000000
 1.0000000
 1.0000000
 1.0000000
 1.0000000
 1.0000000
 1.0000000
 1.0000000
 1.0000000
 1.0000000
 1.0000000
 1.0000000
 1.0000000
 1.0000000
 1.0000000
 1.0000000
 1.0000000
 1.0000000
 1.0000000
 1.0000000
 1.0000000
 1.0000000
 1.0000000
 1.0000000
 1.0000000
 1.0000000
 1.0000000
 1.0000000
 1.0000000
 1.0000000
 1.0000000
 1.0000000
 1.0000000
 1.0000000
 1.0000000
 1.0000000
 1.0000000
 1.0000000
 1.0000000
 1.0000000
 1.0000000
 1.0000000
 1.0000000
 1.0000000
 1.0000000
 1.0000000
 1.0000000
 1.0000000
 1.0000000
 1.0000000
 1.0000000
 1.0000000
 1.0000000
 1.0000000
 1.0000000
 1.0000000
 1.0000000
 1.0000000
 1.0000000
 1.0000000
 1.0000000
 1.0000000
 1.0000000
 1.0000000
 1.0000000
 1.0000000
 1.0000000
 1.0000000
 1.0000000
 1.0000000
 1.0000000
 1.0000000
 1.0000000
 1.0000000
 1.0000000
 1.0000000
 1.0000000
 1.0000000
 1.0000000
 1.0000000
 1.0000000
 1.0000000
 1.0000000
 1.0000000
 1.0000000
 1.0000000
 1.0000000
 1.0000000
 1.0000000
 1.0000000
 1.0000000
 1.0000000
 1.0000000
 1.0000000
 1.0000000
 1.0000000
 1.0000000
 1.0000000
 1.0000000
 1.0000000
 1.0000000
 1.0000000
 1.0000000
 1.0000000
 1.0000000
 1.0000000
 1.0000000
 1.0000000
 1.0000000
 1.0000000
 1.0000000
 1.0000000
 1.0000000
 1.0000000
 1.0000000
 1.0000000
 1.0000000
 1.0000000
 1.0000000
 1.0000000
 1.0000000
 1.0000000
 1.0000000
 1.0000000
 1.0000000
 1.0000000
 1.0000000
 1.0000000
 1.0000000
 1.0000000
 1.0000000
 1.0000000
 1.0000000
 1.0000000
 1.0000000
 1.0000000
 1.0000000
 1.0000000
 1.0000000
 1.0000000
 1.0000000
 1.0000000
 1.0000000
 1.0000000
 1.0000000
 1.0000000
 1.0000000
 1.0000000
 1.0000000
 1.0000000
 1.0000000
 1.0000000
 1.0000000
 1.0000000
 1.0000000
 1.0000000
 1.0000000
 1.0000000
 1.0000000
 1.0000000
 1.0000000
 1.0000000
 1.0000000
 1.0000000
 1.0000000
 1.0000000
 1.0000000
 1.0000000
 1.0000000
 1.0000000
 1.0000000
 1.0000000
 1.0000000
 1.0000000
 1.0000000
 1.0000000
 1.0000000
 1.0000000
 1.0000000
 1.0000000
 1.0000000
 1.0000000
 1.0000000
 1.0000000
 1.0000000
 1.0000000
 1.0000000
 1.0000000
 1.0000000
 1.0000000
 1.0000000
 1.0000000
 1.0000000
 1.0000000
 1.0000000
 1.0000000
 1.0000000
 1.0000000
 1.0000000
 1.0000000
 1.0000000
 1.0000000
 1.0000000
 1.0000000
 1.0000000
 1.0000000
 1.0000000
 1.0000000
 1.0000000
 1.0000000
 1.0000000
 1.0000000
 1.0000000
 1.0000000
 1.0000000
 1.0000000
 1.0000000
 1.0000000
 1.0000000
 1.0000000
 1.0000000
 1.0000000
 1.0000000
 1.0000000
 1.0000000
 1.0000000
 1.0000000
 1.0000000
 1.0000000
 1.0000000
 1.0000000
 1.0000000
 1.0000000
 1.0000000
 1.0000000
 1.0000000
 1.0000000
 1.0000000
 1.0000000
 1.0000000
 1.0000000
 1.0000000
 1.0000000
 1.0000000
 1.0000000
 1.0000000
 1.0000000
 1.0000000
 1.0000000
 1.0000000
 1.0000000
 1.0000000
 1.0000000
 1.0000000
 1.0000000
 1.0000000
 1.0000000
 1.0000000
 1.0000000
 1.0000000
 1.0000000
 1.0000000
 1.0000000
 1.0000000
 1.0000000
 1.0000000
 1.0000000
 1.0000000
 1.0000000
 1.0000000
 1.0000000
 1.0000000
 1.0000000
 1.0000000
 1.0000000
 1.0000000
 1.0000000
 1.0000000
 1.0000000
 1.0000000
 1.0000000
 1.0000000
 1.0000000
 1.0000000
 1.0000000
 1.0000000
 1.0000000
 1.0000000
 1.0000000
 1.0000000
 1.0000000
 1.0000000
 1.0000000
 1.0000000
 1.0000000
 1.0000000
 1.0000000
 1.0000000
 1.0000000
 1.0000000
 1.0000000
 1.0000000
 1.0000000
 1.0000000
 1.0000000
 1.0000000
 1.0000000
 1.0000000
 1.0000000
 1.0000000
 1.0000000
 1.0000000
 1.0000000
 1.0000000
 1.0000000
 1.0000000
 1.0000000
 1.0000000
 1.0000000
 1.0000000
 1.0000000
 1.0000000
 1.0000000
 1.0000000
 1.0000000
 1.0000000
 1.0000000
 1.0000000
 1.0000000
 1.0000000
 1.0000000
 1.0000000
 1.0000000
 1.0000000
 1.0000000
 1.0000000
 1.0000000
 1.0000000
 1.0000000
 1.0000000
 1.0000000
 1.0000000
 1.0000000
 1.0000000
 1.0000000
 1.0000000
 1.0000000
 1.0000000
 1.0000000
 1.0000000
 1.0000000
 1.0000000
 1.0000000
 1.0000000
 1.0000000
 1.0000000
 1.0000000
 1.0000000
 1.0000000
 1.0000000
 1.0000000
 1.0000000
 1.0000000
 1.0000000
 1.0000000
 1.0000000
 1.0000000
 1.0000000
 1.0000000
 1.0000000
 1.0000000
 1.0000000
 1.0000000
 1.0000000
 1.0000000
 1.0000000
 1.0000000
 1.0000000
 1.0000000
 1.0000000
 1.0000000
 1.0000000
 1.0000000
 1.0000000
 1.0000000
 1.0000000
 1.0000000
 1.0000000
 1.0000000
 1.0000000
 1.0000000
 1.0000000
 1.0000000
 1.0000000
 1.0000000
 1.0000000
 1.0000000
 1.0000000
 1.0000000
 1.0000000
 1.0000000
 1.0000000
 1.0000000
 1.0000000
 1.0000000
 1.0000000
 1.0000000
 1.0000000
 1.0000000
 1.0000000
 1.0000000
 1.0000000
 1.0000000
 1.0000000
 1.0000000
 1.0000000
 1.0000000
 1.0000000
 1.0000000
 1.0000000
 1.0000000
 1.0000000
 1.0000000
 1.0000000
 1.0000000
 1.0000000
 1.0000000
 1.0000000
 1.0000000
 1.0000000
 1.0000000
 1.0000000
 1.0000000
 1.0000000
 1.0000000
 1.0000000
 1.0000000
 1.0000000
 1.0000000
 1.0000000
 1.0000000
 1.0000000
 1.0000000
 1.0000000
 1.0000000
 1.0000000
 1.0000000
 1.0000000
 1.0000000
 1.0000000
 1.0000000
 1.0000000
 1.0000000
 1.0000000
 1.0000000
 1.0000000
 1.0000000
 1.0000000
 1.0000000
 1.0000000
 1.0000000
 1.0000000
 1.0000000
 1.0000000
 1.0000000
 1.0000000
 1.0000000
 1.0000000
 1.0000000
 1.0000000
 1.0000000
 1.0000000
 1.0000000
 1.0000000
 1.0000000
 1.0000000
 1.0000000
 1.0000000
 1.0000000
 1.0000000
 1.0000000
 1.0000000
 1.0000000
 1.0000000
 1.0000000
 1.0000000
 1.0000000
 1.0000000
 1.0000000
 1.0000000
 1.0000000
 1.0000000
 1.0000000
 1.0000000
 1.0000000
 1.0000000
 1.0000000
 1.0000000
 1.0000000
 1.0000000
 1.0000000
 1.0000000
 1.0000000
 1.0000000
 1.0000000
 1.0000000
 1.0000000
 1.0000000
 1.0000000
 1.0000000
 1.0000000
 1.0000000
 1.0000000
 1.0000000
 1.0000000
 1.0000000
 1.0000000
 1.0000000
 1.0000000
 1.0000000
 1.0000000
 1.0000000
 1.0000000
 1.0000000
 1.0000000
 1.0000000
 1.0000000
 1.0000000
 1.0000000
 1.0000000
 1.0000000
 1.0000000
 1.0000000
 1.0000000
 1.0000000
 1.0000000
 1.0000000
 1.0000000
 1.0000000
 1.0000000
 1.0000000
 1.0000000
 1.0000000
 1.0000000
 1.0000000
 1.0000000
 1.0000000
 1.0000000
 1.0000000
 1.0000000
 1.0000000
 1.0000000
 1.0000000
 1.0000000
 1.0000000
 1.0000000
 1.0000000
 1.0000000
 1.0000000
 1.0000000
 1.0000000
 1.0000000
 1.0000000
 1.0000000
 1.0000000
 1.0000000
 1.0000000
 1.0000000
 1.0000000
 1.0000000
 1.0000000
 1.0000000
 1.0000000
 1.0000000
 1.0000000
 1.0000000
 1.0000000
 1.0000000
 1.0000000
 1.0000000
 1.0000000
 1.0000000
 1.0000000
 1.0000000
 1.0000000
 1.0000000
 1.0000000
 1.0000000
 1.0000000
 1.0000000
 1.0000000
 1.0000000
 1.0000000
 1.0000000
 1.0000000
 1.0000000
 1.0000000
 1.0000000
 1.0000000
 1.0000000
 1.0000000
 1.0000000
 1.0000000
 1.0000000
 1.0000000
 1.0000000
 1.0000000
 1.0000000
 1.0000000
 1.0000000
 1.0000000
 1.0000000
 1.0000000
 1.0000000
 1.0000000
 1.0000000
 1.0000000
 1.0000000
 1.0000000
 1.0000000
 1.0000000
 1.0000000
 1.0000000
 1.0000000
 1.0000000
 1.0000000
 1.0000000
 1.0000000
 1.0000000
 1.0000000
 1.0000000
 1.0000000
 1.0000000
 1.0000000
 1.0000000
 1.0000000
 1.0000000
 1.0000000
 1.0000000
 1.0000000
 1.0000000
 1.0000000
 1.0000000
 1.0000000
 1.0000000
 1.0000000
 1.0000000
 1.0000000
 1.0000000
 1.0000000
 1.0000000
 1.0000000
 1.0000000
 1.0000000
 1.0000000
 1.0000000
 1.0000000
 1.0000000
 1.0000000
 1.0000000
 1.0000000
 1.0000000
 1.0000000
 1.0000000
 1.0000000
 1.0000000
 1.0000000
 1.0000000
 1.0000000
 1.0000000
 1.0000000
 1.0000000
 1.0000000
 1.0000000
 1.0000000
 1.0000000
 1.0000000
 1.0000000
 1.0000000
 1.0000000
 1.0000000
 1.0000000
 1.0000000
 1.0000000
 1.0000000
 1.0000000
 1.0000000
 1.0000000
 1.0000000
 1.0000000
 1.0000000
 1.0000000
 1.0000000
 1.0000000
 1.0000000
 1.0000000
 1.0000000
 1.0000000
 1.0000000
 1.0000000
 1.0000000
 1.0000000
 1.0000000
 1.0000000
 1.0000000
 1.0000000
 1.0000000
 1.0000000
 1.0000000
 1.0000000
 1.0000000
 1.0000000
 1.0000000
 1.0000000
 1.0000000
 1.0000000
 1.0000000
 1.0000000
 1.0000000
 1.0000000
 1.0000000
 1.0000000
 1.0000000
 1.0000000
 1.0000000
 1.0000000
 1.0000000
 1.0000000
 1.0000000
 1.0000000
 1.0000000
 1.0000000
 1.0000000
 1.0000000
 1.0000000
 1.0000000
 1.0000000
 1.0000000
 1.0000000
 1.0000000
 1.0000000
 1.0000000
 1.0000000
 1.0000000
 1.0000000
 1.0000000
 1.0000000
 1.0000000
 1.0000000
 1.0000000
 1.0000000
 1.0000000
 1.0000000
 1.0000000
 1.0000000
 1.0000000
 1.0000000
 1.0000000
 1.0000000
 1.0000000
 1.0000000
 1.0000000
 1.0000000
 1.0000000
 1.0000000
 1.0000000
 1.0000000
 1.0000000
 1.0000000
 1.0000000
 1.0000000
 1.0000000
 1.0000000
 1.0000000
 1.0000000
 1.0000000
 1.0000000
 1.0000000
 1.0000000
 1.0000000
 1.0000000
 1.0000000
 1.0000000
 1.0000000
 1.0000000
 1.0000000
 1.0000000
 1.0000000
 1.0000000
 1.0000000
 1.0000000
 1.0000000
 1.0000000
 1.0000000
 1.0000000
 1.0000000
 1.0000000
 1.0000000
 1.0000000
 1.0000000
 1.0000000
 1.0000000
 1.0000000
 1.0000000
 1.0000000
 1.0000000
 1.0000000
 1.0000000
 1.0000000
 1.0000000
 1.0000000
 1.0000000
 1.0000000
 1.0000000
 1.0000000
 1.0000000
 1.0000000
 1.0000000
 1.0000000
 1.0000000
 1.0000000
 1.0000000
 1.0000000
 1.0000000
 1.0000000
 1.0000000
 1.0000000
 1.0000000
 1.0000000
 1.0000000
 1.0000000
 1.0000000
 1.0000000
 1.0000000
 1.0000000
 1.0000000
 1.0000000
 1.0000000
 1.0000000
 1.0000000
 1.0000000
 1.0000000
 1.0000000
 1.0000000
 1.0000000
 1.0000000
 1.0000000
 1.0000000
 1.0000000
 1.0000000
 1.0000000
 1.0000000
 1.0000000
 1.0000000
 1.0000000
 1.0000000
 1.0000000
 1.0000000
 1.0000000
 1.0000000
 1.0000000
 1.0000000
 1.0000000
 1.0000000
 1.0000000
 1.0000000
 1.0000000
 1.0000000
 1.0000000
 1.0000000
 1.0000000
 1.0000000
 1.0000000
 1.0000000
 1.0000000
 1.0000000
 1.0000000
 1.0000000
 1.0000000
 1.0000000
 1.0000000
 1.0000000
 1.0000000
 1.0000000
 1.0000000
 1.0000000
 1.0000000
 1.0000000
 1.0000000
 1.0000000
 1.0000000
 1.0000000
 1.0000000
 1.0000000
 1.0000000
 1.0000000
 1.0000000
 1.0000000
 1.0000000
 1.0000000
 1.0000000
