 0.0000000
 0.0000000
 0.0000000
 0.0000000
 0.0000000
 0.0000000
 0.0000000
 0.0000000
 0.0000000
 0.0000000
 0.0000000
 0.0000000
 0.0000000
 0.0000000
 0.0000000
 0.0000000
 0.0000000
 0.0000000
 0.0000000
 0.0000000
 0.0000000
 0.0000000
 0.0000000
 0.0000000
 0.0000000
 0.0000000
 0.0000000
 0.0000000
 0.0000000
 0.0000000
 0.0000000
 0.0000000
 0.0000000
 0.0000000
 0.0000000
 0.0000000
 0.0004669
 0.0004669
 0.0322129
 0.0322129
 0.0424837
 0.0466853
 0.3295985
 0.3501401
 0.3734827
 0.3949580
 0.4145658
 0.4145658
 0.4444444
 0.4449113
 0.4523810
 0.4533147
 0.4687208
 0.4691877
 0.4873950
 0.4953315
 0.5219421
 0.5261438
 0.5574230
 0.5718954
 0.5798319
 0.5919701
 0.5933707
 0.6171802
 0.6176471
 0.6223156
 0.6274510
 0.6437908
 0.6484594
 0.6573296
 0.6587302
 0.6652661
 0.6676004
 0.6732026
 0.6760037
 0.6839402
 0.6844071
 0.7021475
 0.7035481
 0.7278245
 0.7282913
 0.7507003
 0.7507003
 0.7628385
 0.7633053
 0.7721755
 0.7726424
 0.8445378
 0.8445378
 0.8982260
 0.8982260
 0.9248366
 0.9248366
 0.9313725
 0.9313725
 0.9360411
 0.9360411
 0.9402428
 0.9402428
 0.9491130
 0.9491130
 0.9514472
 0.9514472
 0.9537815
 0.9537815
 0.9547152
 0.9547152
 0.9607843
 0.9607843
 0.9607843
 0.9607843
 0.9687208
 0.9687208
 0.9687208
 0.9687208
 0.9691877
 0.9691877
 0.9696545
 0.9696545
 0.9724556
 0.9724556
 0.9724556
 0.9724556
 0.9738562
 0.9738562
 0.9738562
 0.9738562
 0.9738562
 0.9738562
 0.9738562
 0.9738562
 0.9752568
 0.9752568
 0.9761905
 0.9761905
 0.9761905
 0.9761905
 0.9761905
 0.9761905
 0.9766573
 0.9766573
 0.9775910
 0.9775910
 0.9775910
 0.9775910
 0.9789916
 0.9789916
 0.9789916
 0.9789916
 0.9789916
 0.9789916
 0.9789916
 0.9789916
 0.9794585
 0.9794585
 0.9799253
 0.9799253
 0.9799253
 0.9799253
 0.9799253
 0.9799253
 0.9799253
 0.9799253
 0.9803922
 0.9803922
 0.9813259
 0.9813259
 0.9813259
 0.9813259
 0.9813259
 0.9813259
 0.9813259
 0.9813259
 0.9813259
 0.9813259
 0.9817927
 0.9817927
 0.9817927
 0.9817927
 0.9817927
 0.9817927
 0.9817927
 0.9817927
 0.9817927
 0.9817927
 0.9817927
 0.9817927
 0.9817927
 0.9817927
 0.9827264
 0.9827264
 0.9827264
 0.9827264
 0.9827264
 0.9827264
 0.9827264
 0.9827264
 0.9827264
 0.9827264
 0.9827264
 0.9827264
 0.9827264
 0.9827264
 0.9827264
 0.9827264
 0.9827264
 0.9827264
 0.9831933
 0.9831933
 0.9831933
 0.9831933
 0.9831933
 0.9831933
 0.9831933
 0.9831933
 0.9836601
 0.9836601
 0.9836601
 0.9836601
 0.9836601
 0.9836601
 0.9836601
 0.9836601
 0.9836601
 0.9836601
 0.9850607
 0.9850607
 0.9850607
 0.9850607
 0.9850607
 0.9850607
 0.9850607
 0.9850607
 0.9850607
 0.9850607
 0.9850607
 0.9850607
 0.9850607
 0.9850607
 0.9850607
 0.9850607
 0.9850607
 0.9850607
 0.9850607
 0.9850607
 0.9850607
 0.9850607
 0.9855275
 0.9855275
 0.9859944
 0.9859944
 0.9859944
 0.9859944
 0.9859944
 0.9859944
 0.9864613
 0.9864613
 0.9864613
 0.9864613
 0.9864613
 0.9864613
 0.9864613
 0.9864613
 0.9869281
 0.9869281
 0.9869281
 0.9869281
 0.9873950
 0.9873950
 0.9873950
 0.9873950
 0.9878618
 0.9878618
 0.9878618
 0.9878618
 0.9878618
 0.9878618
 0.9878618
 0.9878618
 0.9878618
 0.9878618
 0.9883287
 0.9887955
 0.9892624
 0.9892624
 0.9892624
 0.9892624
 0.9892624
 0.9892624
 0.9897292
 0.9897292
 0.9897292
 0.9897292
 0.9897292
 0.9897292
 0.9897292
 0.9897292
 0.9897292
 0.9897292
 0.9897292
 0.9897292
 0.9897292
 0.9897292
 0.9897292
 0.9897292
 0.9897292
 0.9897292
 0.9897292
 0.9897292
 0.9897292
 0.9897292
 0.9897292
 0.9897292
 0.9897292
 0.9897292
 0.9897292
 0.9897292
 0.9897292
 0.9897292
 0.9897292
 0.9897292
 0.9906629
 0.9906629
 0.9906629
 0.9906629
 0.9906629
 0.9906629
 0.9911298
 0.9911298
 0.9911298
 0.9911298
 0.9911298
 0.9911298
 0.9911298
 0.9911298
 0.9911298
 0.9911298
 0.9911298
 0.9911298
 0.9911298
 0.9911298
 0.9911298
 0.9911298
 0.9911298
 0.9911298
 0.9911298
 0.9911298
 0.9920635
 0.9920635
 0.9925303
 0.9925303
 0.9925303
 0.9925303
 0.9925303
 0.9925303
 0.9925303
 0.9925303
 0.9925303
 0.9925303
 0.9925303
 0.9925303
 0.9934641
 0.9934641
 0.9934641
 0.9934641
 0.9939309
 0.9939309
 0.9939309
 0.9939309
 0.9939309
 0.9939309
 0.9939309
 0.9939309
 0.9939309
 0.9939309
 0.9939309
 0.9939309
 0.9939309
 0.9939309
 0.9939309
 0.9939309
 0.9939309
 0.9939309
 0.9939309
 0.9939309
 0.9939309
 0.9939309
 0.9939309
 0.9939309
 0.9943978
 0.9943978
 0.9943978
 0.9943978
 0.9943978
 0.9943978
 0.9943978
 0.9943978
 0.9943978
 0.9943978
 0.9943978
 0.9943978
 0.9943978
 0.9943978
 0.9943978
 0.9943978
 0.9943978
 0.9943978
 0.9943978
 0.9943978
 0.9943978
 0.9943978
 0.9943978
 0.9943978
 0.9943978
 0.9943978
 0.9943978
 0.9943978
 0.9943978
 0.9943978
 0.9943978
 0.9943978
 0.9943978
 0.9943978
 0.9943978
 0.9943978
 0.9943978
 0.9943978
 0.9943978
 0.9943978
 0.9943978
 0.9943978
 0.9943978
 0.9943978
 0.9943978
 0.9943978
 0.9943978
 0.9943978
 0.9943978
 0.9943978
 0.9943978
 0.9943978
 0.9943978
 0.9943978
 0.9948646
 0.9948646
 0.9948646
 0.9948646
 0.9948646
 0.9948646
 0.9948646
 0.9948646
 0.9948646
 0.9948646
 0.9948646
 0.9948646
 0.9948646
 0.9948646
 0.9953315
 0.9953315
 0.9953315
 0.9953315
 0.9957983
 0.9957983
 0.9957983
 0.9957983
 0.9957983
 0.9957983
 0.9957983
 0.9957983
 0.9962652
 0.9962652
 0.9962652
 0.9962652
 0.9962652
 0.9962652
 0.9962652
 0.9962652
 0.9962652
 0.9962652
 0.9962652
 0.9962652
 0.9962652
 0.9962652
 0.9962652
 0.9962652
 0.9962652
 0.9962652
 0.9962652
 0.9962652
 0.9962652
 0.9962652
 0.9962652
 0.9962652
 0.9962652
 0.9962652
 0.9962652
 0.9962652
 0.9962652
 0.9962652
 0.9962652
 0.9962652
 0.9962652
 0.9962652
 0.9962652
 0.9962652
 0.9962652
 0.9962652
 0.9962652
 0.9962652
 0.9962652
 0.9962652
 0.9962652
 0.9962652
 0.9967320
 0.9967320
 0.9967320
 0.9967320
 0.9967320
 0.9967320
 0.9967320
 0.9967320
 0.9971989
 0.9971989
 0.9971989
 0.9971989
 0.9971989
 0.9971989
 0.9971989
 0.9971989
 0.9971989
 0.9971989
 0.9971989
 0.9971989
 0.9971989
 0.9971989
 0.9971989
 0.9971989
 0.9971989
 0.9971989
 0.9971989
 0.9971989
 0.9971989
 0.9971989
 0.9971989
 0.9971989
 0.9971989
 0.9971989
 0.9971989
 0.9971989
 0.9971989
 0.9971989
 0.9971989
 0.9971989
 0.9971989
 0.9971989
 0.9971989
 0.9971989
 0.9971989
 0.9971989
 0.9971989
 0.9971989
 0.9971989
 0.9971989
 0.9971989
 0.9971989
 0.9971989
 0.9971989
 0.9971989
 0.9971989
 0.9971989
 0.9971989
 0.9971989
 0.9971989
 0.9971989
 0.9971989
 0.9971989
 0.9971989
 0.9971989
 0.9971989
 0.9971989
 0.9971989
 0.9971989
 0.9971989
 0.9971989
 0.9971989
 0.9971989
 0.9971989
 0.9971989
 0.9971989
 0.9971989
 0.9971989
 0.9971989
 0.9971989
 0.9971989
 0.9971989
 0.9971989
 0.9971989
 0.9971989
 0.9971989
 0.9971989
 0.9971989
 0.9971989
 0.9971989
 0.9976657
 0.9976657
 0.9976657
 0.9976657
 0.9976657
 0.9976657
 0.9976657
 0.9976657
 0.9976657
 0.9976657
 0.9976657
 0.9976657
 0.9976657
 0.9976657
 0.9976657
 0.9976657
 0.9976657
 0.9976657
 0.9976657
 0.9976657
 0.9976657
 0.9976657
 0.9976657
 0.9976657
 0.9976657
 0.9976657
 0.9976657
 0.9976657
 0.9976657
 0.9976657
 0.9976657
 0.9976657
 0.9976657
 0.9976657
 0.9976657
 0.9976657
 0.9981326
 0.9981326
 0.9981326
 0.9981326
 0.9981326
 0.9981326
 0.9981326
 0.9981326
 0.9981326
 0.9981326
 0.9981326
 0.9981326
 0.9981326
 0.9981326
 0.9981326
 0.9981326
 0.9985994
 0.9985994
 0.9985994
 0.9985994
 0.9985994
 0.9985994
 0.9985994
 0.9985994
 0.9985994
 0.9985994
 0.9985994
 0.9985994
 0.9985994
 0.9985994
 0.9985994
 0.9985994
 0.9985994
 0.9985994
 0.9985994
 0.9985994
 0.9990663
 0.9990663
 0.9990663
 0.9990663
 0.9990663
 0.9990663
 0.9990663
 0.9990663
 0.9990663
 0.9990663
 0.9990663
 0.9990663
 0.9990663
 0.9990663
 0.9990663
 0.9990663
 0.9990663
 0.9990663
 0.9990663
 0.9990663
 0.9990663
 0.9990663
 0.9990663
 0.9990663
 0.9990663
 0.9990663
 0.9990663
 0.9990663
 0.9990663
 0.9990663
 0.9990663
 0.9990663
 0.9990663
 0.9990663
 0.9990663
 0.9990663
 0.9990663
 0.9990663
 0.9990663
 0.9990663
 0.9990663
 0.9990663
 0.9990663
 0.9990663
 0.9990663
 0.9990663
 0.9990663
 0.9990663
 0.9990663
 0.9990663
 0.9990663
 0.9990663
 0.9990663
 0.9990663
 0.9990663
 0.9990663
 0.9990663
 0.9990663
 0.9990663
 0.9990663
 0.9990663
 0.9990663
 0.9990663
 0.9990663
 0.9990663
 0.9990663
 0.9990663
 0.9990663
 0.9990663
 0.9990663
 0.9990663
 0.9990663
 0.9990663
 0.9990663
 0.9990663
 0.9990663
 0.9990663
 0.9990663
 0.9990663
 0.9990663
 0.9995331
 0.9995331
 0.9995331
 0.9995331
 0.9995331
 0.9995331
 0.9995331
 0.9995331
 1.0000000
 1.0000000
 1.0000000
 1.0000000
 1.0000000
 1.0000000
 1.0000000
 1.0000000
 1.0000000
 1.0000000
 1.0000000
 1.0000000
 1.0000000
 1.0000000
 1.0000000
 1.0000000
 1.0000000
 1.0000000
 1.0000000
 1.0000000
 1.0000000
 1.0000000
 1.0000000
 1.0000000
 1.0000000
 1.0000000
 1.0000000
 1.0000000
 1.0000000
 1.0000000
 1.0000000
 1.0000000
 1.0000000
 1.0000000
 1.0000000
 1.0000000
 1.0000000
 1.0000000
 1.0000000
 1.0000000
 1.0000000
 1.0000000
 1.0000000
 1.0000000
 1.0000000
 1.0000000
 1.0000000
 1.0000000
 1.0000000
 1.0000000
 1.0000000
 1.0000000
 1.0000000
 1.0000000
 1.0000000
 1.0000000
 1.0000000
 1.0000000
 1.0000000
 1.0000000
 1.0000000
 1.0000000
 1.0000000
 1.0000000
 1.0000000
 1.0000000
 1.0000000
 1.0000000
 1.0000000
 1.0000000
 1.0000000
 1.0000000
 1.0000000
 1.0000000
 1.0000000
 1.0000000
 1.0000000
 1.0000000
 1.0000000
 1.0000000
 1.0000000
 1.0000000
 1.0000000
 1.0000000
 1.0000000
 1.0000000
 1.0000000
 1.0000000
 1.0000000
 1.0000000
 1.0000000
 1.0000000
 1.0000000
 1.0000000
 1.0000000
 1.0000000
 1.0000000
 1.0000000
 1.0000000
 1.0000000
 1.0000000
 1.0000000
 1.0000000
 1.0000000
 1.0000000
 1.0000000
 1.0000000
 1.0000000
 1.0000000
 1.0000000
 1.0000000
 1.0000000
 1.0000000
 1.0000000
 1.0000000
 1.0000000
 1.0000000
 1.0000000
 1.0000000
 1.0000000
 1.0000000
 1.0000000
 1.0000000
 1.0000000
 1.0000000
 1.0000000
 1.0000000
 1.0000000
 1.0000000
 1.0000000
 1.0000000
 1.0000000
 1.0000000
 1.0000000
 1.0000000
 1.0000000
 1.0000000
 1.0000000
 1.0000000
 1.0000000
 1.0000000
 1.0000000
 1.0000000
 1.0000000
 1.0000000
 1.0000000
 1.0000000
 1.0000000
 1.0000000
 1.0000000
 1.0000000
 1.0000000
 1.0000000
 1.0000000
 1.0000000
 1.0000000
 1.0000000
 1.0000000
 1.0000000
 1.0000000
 1.0000000
 1.0000000
 1.0000000
 1.0000000
 1.0000000
 1.0000000
 1.0000000
 1.0000000
 1.0000000
 1.0000000
 1.0000000
 1.0000000
 1.0000000
 1.0000000
 1.0000000
 1.0000000
 1.0000000
 1.0000000
 1.0000000
 1.0000000
 1.0000000
 1.0000000
 1.0000000
 1.0000000
 1.0000000
 1.0000000
 1.0000000
 1.0000000
 1.0000000
 1.0000000
 1.0000000
 1.0000000
 1.0000000
 1.0000000
 1.0000000
 1.0000000
 1.0000000
 1.0000000
 1.0000000
 1.0000000
 1.0000000
 1.0000000
 1.0000000
 1.0000000
 1.0000000
 1.0000000
 1.0000000
 1.0000000
 1.0000000
 1.0000000
 1.0000000
 1.0000000
 1.0000000
 1.0000000
 1.0000000
 1.0000000
 1.0000000
 1.0000000
 1.0000000
 1.0000000
 1.0000000
 1.0000000
 1.0000000
 1.0000000
 1.0000000
 1.0000000
 1.0000000
 1.0000000
 1.0000000
 1.0000000
 1.0000000
 1.0000000
 1.0000000
 1.0000000
 1.0000000
 1.0000000
 1.0000000
 1.0000000
 1.0000000
 1.0000000
 1.0000000
 1.0000000
 1.0000000
 1.0000000
 1.0000000
 1.0000000
 1.0000000
 1.0000000
 1.0000000
 1.0000000
 1.0000000
 1.0000000
 1.0000000
 1.0000000
 1.0000000
 1.0000000
 1.0000000
 1.0000000
 1.0000000
 1.0000000
 1.0000000
 1.0000000
 1.0000000
 1.0000000
 1.0000000
 1.0000000
 1.0000000
 1.0000000
 1.0000000
 1.0000000
 1.0000000
 1.0000000
 1.0000000
 1.0000000
 1.0000000
 1.0000000
 1.0000000
 1.0000000
 1.0000000
 1.0000000
 1.0000000
 1.0000000
 1.0000000
 1.0000000
 1.0000000
 1.0000000
 1.0000000
 1.0000000
 1.0000000
 1.0000000
 1.0000000
 1.0000000
 1.0000000
 1.0000000
 1.0000000
 1.0000000
 1.0000000
 1.0000000
 1.0000000
 1.0000000
 1.0000000
 1.0000000
 1.0000000
 1.0000000
 1.0000000
 1.0000000
 1.0000000
 1.0000000
 1.0000000
 1.0000000
 1.0000000
 1.0000000
 1.0000000
 1.0000000
 1.0000000
 1.0000000
 1.0000000
 1.0000000
 1.0000000
 1.0000000
 1.0000000
 1.0000000
 1.0000000
 1.0000000
 1.0000000
 1.0000000
 1.0000000
 1.0000000
 1.0000000
 1.0000000
 1.0000000
 1.0000000
 1.0000000
 1.0000000
 1.0000000
 1.0000000
 1.0000000
 1.0000000
 1.0000000
 1.0000000
 1.0000000
 1.0000000
 1.0000000
 1.0000000
 1.0000000
 1.0000000
 1.0000000
 1.0000000
 1.0000000
 1.0000000
 1.0000000
 1.0000000
 1.0000000
 1.0000000
 1.0000000
 1.0000000
 1.0000000
 1.0000000
 1.0000000
 1.0000000
 1.0000000
 1.0000000
 1.0000000
 1.0000000
 1.0000000
 1.0000000
 1.0000000
 1.0000000
 1.0000000
 1.0000000
 1.0000000
 1.0000000
 1.0000000
 1.0000000
 1.0000000
 1.0000000
 1.0000000
 1.0000000
 1.0000000
 1.0000000
 1.0000000
 1.0000000
 1.0000000
 1.0000000
 1.0000000
 1.0000000
 1.0000000
 1.0000000
 1.0000000
 1.0000000
 1.0000000
 1.0000000
 1.0000000
 1.0000000
 1.0000000
 1.0000000
 1.0000000
 1.0000000
 1.0000000
 1.0000000
 1.0000000
 1.0000000
 1.0000000
 1.0000000
 1.0000000
 1.0000000
 1.0000000
 1.0000000
 1.0000000
 1.0000000
 1.0000000
 1.0000000
 1.0000000
 1.0000000
 1.0000000
 1.0000000
 1.0000000
 1.0000000
 1.0000000
 1.0000000
 1.0000000
 1.0000000
 1.0000000
 1.0000000
 1.0000000
 1.0000000
 1.0000000
 1.0000000
 1.0000000
 1.0000000
 1.0000000
 1.0000000
 1.0000000
 1.0000000
 1.0000000
 1.0000000
 1.0000000
 1.0000000
 1.0000000
 1.0000000
 1.0000000
 1.0000000
 1.0000000
 1.0000000
 1.0000000
 1.0000000
 1.0000000
 1.0000000
 1.0000000
 1.0000000
 1.0000000
 1.0000000
 1.0000000
 1.0000000
 1.0000000
 1.0000000
 1.0000000
 1.0000000
 1.0000000
 1.0000000
 1.0000000
 1.0000000
 1.0000000
 1.0000000
 1.0000000
 1.0000000
 1.0000000
 1.0000000
 1.0000000
 1.0000000
 1.0000000
 1.0000000
 1.0000000
 1.0000000
 1.0000000
 1.0000000
 1.0000000
 1.0000000
 1.0000000
 1.0000000
 1.0000000
 1.0000000
 1.0000000
 1.0000000
 1.0000000
 1.0000000
 1.0000000
 1.0000000
 1.0000000
 1.0000000
 1.0000000
 1.0000000
 1.0000000
 1.0000000
 1.0000000
 1.0000000
 1.0000000
 1.0000000
 1.0000000
 1.0000000
 1.0000000
 1.0000000
 1.0000000
 1.0000000
 1.0000000
 1.0000000
 1.0000000
 1.0000000
 1.0000000
 1.0000000
 1.0000000
 1.0000000
 1.0000000
 1.0000000
 1.0000000
 1.0000000
 1.0000000
 1.0000000
 1.0000000
 1.0000000
 1.0000000
 1.0000000
 1.0000000
 1.0000000
 1.0000000
 1.0000000
 1.0000000
 1.0000000
 1.0000000
 1.0000000
 1.0000000
 1.0000000
 1.0000000
 1.0000000
 1.0000000
 1.0000000
 1.0000000
 1.0000000
 1.0000000
 1.0000000
 1.0000000
 1.0000000
 1.0000000
 1.0000000
 1.0000000
 1.0000000
 1.0000000
 1.0000000
 1.0000000
 1.0000000
 1.0000000
 1.0000000
 1.0000000
 1.0000000
 1.0000000
 1.0000000
 1.0000000
 1.0000000
 1.0000000
 1.0000000
 1.0000000
 1.0000000
 1.0000000
 1.0000000
 1.0000000
 1.0000000
 1.0000000
 1.0000000
 1.0000000
 1.0000000
 1.0000000
 1.0000000
 1.0000000
 1.0000000
 1.0000000
 1.0000000
 1.0000000
 1.0000000
 1.0000000
 1.0000000
 1.0000000
 1.0000000
 1.0000000
 1.0000000
 1.0000000
 1.0000000
 1.0000000
 1.0000000
 1.0000000
 1.0000000
 1.0000000
 1.0000000
 1.0000000
 1.0000000
 1.0000000
 1.0000000
 1.0000000
 1.0000000
 1.0000000
 1.0000000
 1.0000000
 1.0000000
 1.0000000
 1.0000000
 1.0000000
 1.0000000
 1.0000000
 1.0000000
 1.0000000
 1.0000000
 1.0000000
 1.0000000
 1.0000000
 1.0000000
 1.0000000
 1.0000000
 1.0000000
 1.0000000
 1.0000000
 1.0000000
 1.0000000
 1.0000000
 1.0000000
 1.0000000
 1.0000000
 1.0000000
 1.0000000
 1.0000000
 1.0000000
 1.0000000
 1.0000000
 1.0000000
 1.0000000
 1.0000000
 1.0000000
 1.0000000
 1.0000000
 1.0000000
 1.0000000
 1.0000000
 1.0000000
 1.0000000
 1.0000000
 1.0000000
 1.0000000
 1.0000000
 1.0000000
 1.0000000
 1.0000000
 1.0000000
 1.0000000
 1.0000000
 1.0000000
 1.0000000
 1.0000000
 1.0000000
 1.0000000
 1.0000000
 1.0000000
 1.0000000
 1.0000000
 1.0000000
 1.0000000
 1.0000000
 1.0000000
 1.0000000
 1.0000000
 1.0000000
 1.0000000
 1.0000000
 1.0000000
 1.0000000
 1.0000000
 1.0000000
