 0.0000000
 0.0000000
 0.0000000
 0.0000000
 0.0000000
 0.0000000
 0.0000000
 0.0000000
 0.0000000
 0.0000000
 0.0000000
 0.0000000
 0.0000000
 0.0000000
 0.0000000
 0.0000000
 0.0000000
 0.0000000
 0.0000000
 0.0000000
 0.0000000
 0.0000000
 0.0000000
 0.0000000
 0.0000000
 0.0000000
 0.0000000
 0.0000000
 0.0000000
 0.0000000
 0.0000000
 0.0000000
 0.0000000
 0.0000000
 0.0000000
 0.0000000
 0.0000000
 0.0000000
 0.0112045
 0.0116713
 0.0149393
 0.0168067
 0.2007470
 0.2100840
 0.2287582
 0.2427638
 0.2577031
 0.2581699
 0.2819795
 0.2833800
 0.2950514
 0.2959851
 0.3076564
 0.3085901
 0.3249300
 0.3295985
 0.3524743
 0.3562092
 0.3846872
 0.4056956
 0.4145658
 0.4323063
 0.4374416
 0.4631186
 0.4635854
 0.4710551
 0.4780579
 0.4906629
 0.4967320
 0.5070028
 0.5088702
 0.5144725
 0.5191410
 0.5303455
 0.5336134
 0.5452848
 0.5466853
 0.5718954
 0.5732960
 0.5999066
 0.6003735
 0.6232493
 0.6246499
 0.6433240
 0.6437908
 0.6582633
 0.6587302
 0.7549020
 0.7549020
 0.8342670
 0.8342670
 0.8734827
 0.8734827
 0.8814192
 0.8814192
 0.8870215
 0.8870215
 0.8935574
 0.8935574
 0.9042951
 0.9042951
 0.9098973
 0.9098973
 0.9126984
 0.9131653
 0.9150327
 0.9154995
 0.9206349
 0.9206349
 0.9206349
 0.9206349
 0.9351074
 0.9351074
 0.9365079
 0.9365079
 0.9369748
 0.9369748
 0.9374416
 0.9374416
 0.9430439
 0.9430439
 0.9430439
 0.9430439
 0.9481793
 0.9481793
 0.9486461
 0.9486461
 0.9486461
 0.9486461
 0.9491130
 0.9491130
 0.9523810
 0.9523810
 0.9537815
 0.9537815
 0.9537815
 0.9537815
 0.9537815
 0.9537815
 0.9537815
 0.9537815
 0.9547152
 0.9551821
 0.9551821
 0.9551821
 0.9570495
 0.9570495
 0.9575163
 0.9575163
 0.9575163
 0.9575163
 0.9575163
 0.9575163
 0.9575163
 0.9575163
 0.9579832
 0.9579832
 0.9579832
 0.9579832
 0.9584500
 0.9584500
 0.9584500
 0.9584500
 0.9593838
 0.9593838
 0.9607843
 0.9607843
 0.9607843
 0.9607843
 0.9612512
 0.9612512
 0.9612512
 0.9612512
 0.9612512
 0.9612512
 0.9617180
 0.9617180
 0.9617180
 0.9617180
 0.9617180
 0.9617180
 0.9617180
 0.9617180
 0.9617180
 0.9617180
 0.9621849
 0.9621849
 0.9626517
 0.9626517
 0.9626517
 0.9626517
 0.9631186
 0.9631186
 0.9631186
 0.9631186
 0.9631186
 0.9631186
 0.9631186
 0.9631186
 0.9631186
 0.9631186
 0.9631186
 0.9631186
 0.9631186
 0.9631186
 0.9635854
 0.9635854
 0.9635854
 0.9635854
 0.9640523
 0.9640523
 0.9640523
 0.9640523
 0.9645191
 0.9645191
 0.9649860
 0.9649860
 0.9649860
 0.9649860
 0.9649860
 0.9649860
 0.9649860
 0.9649860
 0.9654528
 0.9654528
 0.9668534
 0.9668534
 0.9677871
 0.9677871
 0.9677871
 0.9677871
 0.9677871
 0.9677871
 0.9677871
 0.9677871
 0.9682540
 0.9682540
 0.9682540
 0.9682540
 0.9682540
 0.9682540
 0.9682540
 0.9682540
 0.9682540
 0.9682540
 0.9687208
 0.9687208
 0.9696545
 0.9696545
 0.9710551
 0.9710551
 0.9710551
 0.9710551
 0.9715219
 0.9715219
 0.9719888
 0.9719888
 0.9719888
 0.9719888
 0.9719888
 0.9719888
 0.9719888
 0.9719888
 0.9729225
 0.9729225
 0.9733894
 0.9733894
 0.9733894
 0.9733894
 0.9733894
 0.9733894
 0.9738562
 0.9738562
 0.9743231
 0.9743231
 0.9743231
 0.9743231
 0.9747899
 0.9747899
 0.9747899
 0.9747899
 0.9747899
 0.9752568
 0.9752568
 0.9752568
 0.9757236
 0.9757236
 0.9757236
 0.9757236
 0.9757236
 0.9757236
 0.9757236
 0.9757236
 0.9757236
 0.9757236
 0.9757236
 0.9757236
 0.9757236
 0.9757236
 0.9757236
 0.9757236
 0.9757236
 0.9757236
 0.9757236
 0.9757236
 0.9757236
 0.9757236
 0.9757236
 0.9757236
 0.9757236
 0.9757236
 0.9757236
 0.9757236
 0.9757236
 0.9757236
 0.9757236
 0.9757236
 0.9757236
 0.9757236
 0.9757236
 0.9757236
 0.9761905
 0.9761905
 0.9766573
 0.9766573
 0.9771242
 0.9771242
 0.9780579
 0.9780579
 0.9780579
 0.9780579
 0.9780579
 0.9780579
 0.9780579
 0.9780579
 0.9785247
 0.9785247
 0.9785247
 0.9785247
 0.9785247
 0.9785247
 0.9785247
 0.9785247
 0.9785247
 0.9785247
 0.9785247
 0.9785247
 0.9789916
 0.9789916
 0.9794585
 0.9794585
 0.9794585
 0.9794585
 0.9794585
 0.9794585
 0.9794585
 0.9794585
 0.9794585
 0.9794585
 0.9794585
 0.9794585
 0.9799253
 0.9799253
 0.9799253
 0.9799253
 0.9803922
 0.9803922
 0.9808590
 0.9808590
 0.9808590
 0.9808590
 0.9813259
 0.9813259
 0.9813259
 0.9813259
 0.9813259
 0.9813259
 0.9813259
 0.9813259
 0.9813259
 0.9813259
 0.9813259
 0.9813259
 0.9813259
 0.9813259
 0.9813259
 0.9813259
 0.9813259
 0.9813259
 0.9817927
 0.9817927
 0.9817927
 0.9817927
 0.9817927
 0.9817927
 0.9817927
 0.9817927
 0.9827264
 0.9827264
 0.9827264
 0.9827264
 0.9827264
 0.9827264
 0.9836601
 0.9836601
 0.9836601
 0.9836601
 0.9845938
 0.9845938
 0.9845938
 0.9845938
 0.9850607
 0.9850607
 0.9850607
 0.9850607
 0.9850607
 0.9850607
 0.9850607
 0.9850607
 0.9850607
 0.9850607
 0.9850607
 0.9850607
 0.9850607
 0.9850607
 0.9850607
 0.9850607
 0.9850607
 0.9850607
 0.9850607
 0.9850607
 0.9855275
 0.9855275
 0.9855275
 0.9855275
 0.9855275
 0.9855275
 0.9855275
 0.9855275
 0.9855275
 0.9855275
 0.9855275
 0.9855275
 0.9855275
 0.9855275
 0.9855275
 0.9855275
 0.9859944
 0.9859944
 0.9859944
 0.9859944
 0.9859944
 0.9859944
 0.9859944
 0.9859944
 0.9859944
 0.9859944
 0.9859944
 0.9859944
 0.9859944
 0.9859944
 0.9859944
 0.9859944
 0.9864613
 0.9864613
 0.9869281
 0.9869281
 0.9869281
 0.9869281
 0.9869281
 0.9869281
 0.9869281
 0.9869281
 0.9869281
 0.9869281
 0.9869281
 0.9869281
 0.9869281
 0.9869281
 0.9869281
 0.9869281
 0.9873950
 0.9873950
 0.9873950
 0.9873950
 0.9873950
 0.9873950
 0.9878618
 0.9878618
 0.9878618
 0.9878618
 0.9878618
 0.9878618
 0.9878618
 0.9878618
 0.9878618
 0.9878618
 0.9878618
 0.9878618
 0.9878618
 0.9878618
 0.9878618
 0.9878618
 0.9878618
 0.9878618
 0.9878618
 0.9878618
 0.9878618
 0.9878618
 0.9878618
 0.9878618
 0.9878618
 0.9878618
 0.9878618
 0.9878618
 0.9878618
 0.9878618
 0.9878618
 0.9878618
 0.9878618
 0.9878618
 0.9878618
 0.9878618
 0.9878618
 0.9878618
 0.9883287
 0.9883287
 0.9883287
 0.9883287
 0.9883287
 0.9883287
 0.9887955
 0.9887955
 0.9887955
 0.9887955
 0.9887955
 0.9887955
 0.9887955
 0.9887955
 0.9887955
 0.9887955
 0.9887955
 0.9887955
 0.9887955
 0.9887955
 0.9887955
 0.9887955
 0.9887955
 0.9887955
 0.9887955
 0.9887955
 0.9887955
 0.9887955
 0.9887955
 0.9887955
 0.9887955
 0.9887955
 0.9887955
 0.9887955
 0.9887955
 0.9887955
 0.9887955
 0.9887955
 0.9887955
 0.9887955
 0.9887955
 0.9887955
 0.9887955
 0.9887955
 0.9887955
 0.9887955
 0.9887955
 0.9887955
 0.9887955
 0.9887955
 0.9892624
 0.9892624
 0.9892624
 0.9892624
 0.9892624
 0.9892624
 0.9892624
 0.9892624
 0.9892624
 0.9892624
 0.9892624
 0.9892624
 0.9892624
 0.9892624
 0.9892624
 0.9892624
 0.9892624
 0.9892624
 0.9892624
 0.9892624
 0.9897292
 0.9897292
 0.9897292
 0.9897292
 0.9897292
 0.9897292
 0.9897292
 0.9897292
 0.9897292
 0.9897292
 0.9897292
 0.9897292
 0.9897292
 0.9897292
 0.9897292
 0.9897292
 0.9901961
 0.9901961
 0.9906629
 0.9906629
 0.9906629
 0.9906629
 0.9906629
 0.9906629
 0.9906629
 0.9906629
 0.9906629
 0.9906629
 0.9906629
 0.9906629
 0.9906629
 0.9906629
 0.9906629
 0.9906629
 0.9906629
 0.9906629
 0.9906629
 0.9906629
 0.9906629
 0.9906629
 0.9906629
 0.9906629
 0.9906629
 0.9906629
 0.9911298
 0.9911298
 0.9911298
 0.9911298
 0.9911298
 0.9911298
 0.9911298
 0.9911298
 0.9911298
 0.9911298
 0.9911298
 0.9911298
 0.9911298
 0.9911298
 0.9911298
 0.9911298
 0.9915966
 0.9915966
 0.9915966
 0.9915966
 0.9915966
 0.9915966
 0.9915966
 0.9915966
 0.9915966
 0.9915966
 0.9920635
 0.9920635
 0.9920635
 0.9920635
 0.9920635
 0.9920635
 0.9920635
 0.9920635
 0.9920635
 0.9920635
 0.9920635
 0.9920635
 0.9920635
 0.9920635
 0.9920635
 0.9920635
 0.9920635
 0.9920635
 0.9920635
 0.9920635
 0.9920635
 0.9920635
 0.9920635
 0.9920635
 0.9920635
 0.9920635
 0.9920635
 0.9920635
 0.9920635
 0.9920635
 0.9920635
 0.9920635
 0.9920635
 0.9920635
 0.9920635
 0.9920635
 0.9920635
 0.9920635
 0.9920635
 0.9920635
 0.9920635
 0.9920635
 0.9920635
 0.9920635
 0.9920635
 0.9920635
 0.9920635
 0.9920635
 0.9925303
 0.9925303
 0.9925303
 0.9925303
 0.9925303
 0.9925303
 0.9925303
 0.9925303
 0.9925303
 0.9925303
 0.9934641
 0.9934641
 0.9934641
 0.9934641
 0.9934641
 0.9934641
 0.9934641
 0.9934641
 0.9934641
 0.9934641
 0.9934641
 0.9934641
 0.9934641
 0.9934641
 0.9934641
 0.9934641
 0.9934641
 0.9934641
 0.9939309
 0.9939309
 0.9939309
 0.9939309
 0.9939309
 0.9939309
 0.9939309
 0.9939309
 0.9939309
 0.9939309
 0.9939309
 0.9939309
 0.9939309
 0.9939309
 0.9939309
 0.9939309
 0.9939309
 0.9939309
 0.9939309
 0.9939309
 0.9943978
 0.9943978
 0.9943978
 0.9943978
 0.9943978
 0.9943978
 0.9943978
 0.9943978
 0.9943978
 0.9943978
 0.9943978
 0.9943978
 0.9943978
 0.9943978
 0.9943978
 0.9943978
 0.9943978
 0.9943978
 0.9943978
 0.9943978
 0.9943978
 0.9943978
 0.9943978
 0.9943978
 0.9943978
 0.9943978
 0.9943978
 0.9943978
 0.9943978
 0.9943978
 0.9943978
 0.9943978
 0.9943978
 0.9943978
 0.9943978
 0.9943978
 0.9943978
 0.9943978
 0.9943978
 0.9943978
 0.9943978
 0.9943978
 0.9943978
 0.9943978
 0.9943978
 0.9943978
 0.9943978
 0.9943978
 0.9943978
 0.9943978
 0.9943978
 0.9943978
 0.9943978
 0.9943978
 0.9943978
 0.9943978
 0.9943978
 0.9943978
 0.9943978
 0.9943978
 0.9943978
 0.9943978
 0.9943978
 0.9943978
 0.9943978
 0.9943978
 0.9943978
 0.9943978
 0.9943978
 0.9943978
 0.9943978
 0.9943978
 0.9943978
 0.9943978
 0.9943978
 0.9943978
 0.9943978
 0.9943978
 0.9943978
 0.9943978
 0.9943978
 0.9943978
 0.9943978
 0.9943978
 0.9943978
 0.9948646
 0.9948646
 0.9948646
 0.9948646
 0.9953315
 0.9953315
 0.9953315
 0.9953315
 0.9953315
 0.9953315
 0.9953315
 0.9953315
 0.9953315
 0.9953315
 0.9953315
 0.9953315
 0.9953315
 0.9953315
 0.9953315
 0.9953315
 0.9953315
 0.9953315
 0.9953315
 0.9953315
 0.9953315
 0.9953315
 0.9953315
 0.9953315
 0.9953315
 0.9953315
 0.9953315
 0.9953315
 0.9953315
 0.9953315
 0.9953315
 0.9953315
 0.9953315
 0.9953315
 0.9953315
 0.9953315
 0.9953315
 0.9953315
 0.9957983
 0.9957983
 0.9957983
 0.9957983
 0.9957983
 0.9957983
 0.9957983
 0.9957983
 0.9957983
 0.9957983
 0.9957983
 0.9957983
 0.9957983
 0.9957983
 0.9957983
 0.9957983
 0.9957983
 0.9957983
 0.9957983
 0.9957983
 0.9957983
 0.9957983
 0.9957983
 0.9957983
 0.9957983
 0.9957983
 0.9957983
 0.9957983
 0.9957983
 0.9957983
 0.9957983
 0.9957983
 0.9957983
 0.9957983
 0.9957983
 0.9957983
 0.9957983
 0.9957983
 0.9962652
 0.9962652
 0.9962652
 0.9962652
 0.9962652
 0.9962652
 0.9962652
 0.9962652
 0.9962652
 0.9962652
 0.9962652
 0.9962652
 0.9962652
 0.9962652
 0.9962652
 0.9962652
 0.9962652
 0.9962652
 0.9962652
 0.9962652
 0.9962652
 0.9962652
 0.9962652
 0.9962652
 0.9962652
 0.9962652
 0.9962652
 0.9962652
 0.9962652
 0.9962652
 0.9962652
 0.9962652
 0.9962652
 0.9962652
 0.9962652
 0.9962652
 0.9962652
 0.9962652
 0.9962652
 0.9962652
 0.9962652
 0.9962652
 0.9962652
 0.9962652
 0.9967320
 0.9967320
 0.9971989
 0.9971989
 0.9971989
 0.9971989
 0.9971989
 0.9971989
 0.9971989
 0.9971989
 0.9971989
 0.9971989
 0.9971989
 0.9971989
 0.9971989
 0.9971989
 0.9971989
 0.9971989
 0.9971989
 0.9971989
 0.9971989
 0.9971989
 0.9971989
 0.9971989
 0.9971989
 0.9971989
 0.9971989
 0.9971989
 0.9971989
 0.9971989
 0.9971989
 0.9971989
 0.9971989
 0.9971989
 0.9971989
 0.9971989
 0.9971989
 0.9971989
 0.9971989
 0.9971989
 0.9971989
 0.9971989
 0.9971989
 0.9971989
 0.9971989
 0.9971989
 0.9971989
 0.9971989
 0.9971989
 0.9971989
 0.9976657
 0.9976657
 0.9976657
 0.9976657
 0.9976657
 0.9976657
 0.9976657
 0.9976657
 0.9976657
 0.9976657
 0.9976657
 0.9976657
 0.9976657
 0.9976657
 0.9976657
 0.9976657
 0.9976657
 0.9976657
 0.9976657
 0.9976657
 0.9976657
 0.9976657
 0.9976657
 0.9976657
 0.9981326
 0.9981326
 0.9981326
 0.9981326
 0.9981326
 0.9981326
 0.9981326
 0.9981326
 0.9981326
 0.9981326
 0.9981326
 0.9981326
 0.9981326
 0.9981326
 0.9981326
 0.9981326
 0.9981326
 0.9981326
 0.9981326
 0.9981326
 0.9981326
 0.9981326
 0.9985994
 0.9985994
 0.9985994
 0.9985994
 0.9985994
 0.9985994
 0.9985994
 0.9985994
 0.9985994
 0.9985994
 0.9985994
 0.9985994
 0.9985994
 0.9985994
 0.9985994
 0.9985994
 0.9985994
 0.9985994
 0.9985994
 0.9985994
 0.9985994
 0.9985994
 0.9985994
 0.9985994
 0.9985994
 0.9985994
 0.9985994
 0.9985994
 0.9985994
 0.9985994
 0.9985994
 0.9985994
 0.9985994
 0.9985994
 0.9985994
 0.9985994
 0.9985994
 0.9985994
 0.9985994
 0.9985994
 0.9985994
 0.9985994
 0.9985994
 0.9985994
 0.9985994
 0.9985994
 0.9985994
 0.9985994
 0.9985994
 0.9985994
 0.9985994
 0.9985994
 0.9985994
 0.9985994
 0.9985994
 0.9985994
 0.9985994
 0.9985994
 0.9990663
 0.9990663
 0.9990663
 0.9990663
 0.9990663
 0.9990663
 0.9990663
 0.9990663
 0.9990663
 0.9990663
 0.9990663
 0.9990663
 0.9990663
 0.9990663
 0.9990663
 0.9990663
 0.9990663
 0.9990663
 0.9990663
 0.9990663
 0.9990663
 0.9990663
 0.9990663
 0.9990663
 0.9990663
 0.9990663
 0.9990663
 0.9990663
 0.9990663
 0.9990663
 0.9990663
 0.9990663
 0.9990663
 0.9990663
 0.9990663
 0.9990663
 0.9990663
 0.9990663
 0.9990663
 0.9990663
 0.9990663
 0.9990663
 0.9990663
 0.9990663
 0.9990663
 0.9990663
 0.9990663
 0.9990663
 0.9990663
 0.9990663
 0.9990663
 0.9990663
 0.9990663
 0.9990663
 0.9990663
 0.9990663
 0.9990663
 0.9990663
 0.9990663
 0.9990663
 0.9990663
 0.9990663
 0.9990663
 0.9990663
 0.9990663
 0.9990663
 0.9990663
 0.9990663
 0.9990663
 0.9990663
 0.9990663
 0.9990663
 0.9990663
 0.9990663
 0.9990663
 0.9990663
 0.9990663
 0.9990663
 0.9990663
 0.9990663
 0.9990663
 0.9990663
 0.9990663
 0.9990663
 0.9990663
 0.9990663
 0.9990663
 0.9990663
 0.9990663
 0.9990663
 0.9990663
 0.9990663
 0.9990663
 0.9990663
 0.9990663
 0.9990663
 0.9990663
 0.9990663
 0.9990663
 0.9990663
 0.9990663
 0.9990663
 0.9990663
 0.9990663
 0.9990663
 0.9990663
 0.9990663
 0.9990663
 0.9990663
 0.9990663
 0.9990663
 0.9990663
 0.9990663
 0.9990663
 0.9990663
 0.9990663
 0.9990663
 0.9990663
 0.9995331
 0.9995331
 1.0000000
 1.0000000
 1.0000000
 1.0000000
 1.0000000
 1.0000000
 1.0000000
 1.0000000
 1.0000000
 1.0000000
 1.0000000
 1.0000000
 1.0000000
 1.0000000
 1.0000000
 1.0000000
 1.0000000
 1.0000000
 1.0000000
 1.0000000
 1.0000000
 1.0000000
 1.0000000
 1.0000000
 1.0000000
 1.0000000
 1.0000000
 1.0000000
 1.0000000
 1.0000000
 1.0000000
 1.0000000
 1.0000000
 1.0000000
 1.0000000
 1.0000000
 1.0000000
 1.0000000
 1.0000000
 1.0000000
 1.0000000
 1.0000000
 1.0000000
 1.0000000
 1.0000000
 1.0000000
 1.0000000
 1.0000000
 1.0000000
 1.0000000
 1.0000000
 1.0000000
 1.0000000
 1.0000000
 1.0000000
 1.0000000
 1.0000000
 1.0000000
 1.0000000
 1.0000000
 1.0000000
 1.0000000
 1.0000000
 1.0000000
 1.0000000
 1.0000000
 1.0000000
 1.0000000
 1.0000000
 1.0000000
 1.0000000
 1.0000000
 1.0000000
 1.0000000
 1.0000000
 1.0000000
 1.0000000
 1.0000000
 1.0000000
 1.0000000
 1.0000000
 1.0000000
 1.0000000
 1.0000000
 1.0000000
 1.0000000
 1.0000000
 1.0000000
 1.0000000
 1.0000000
 1.0000000
 1.0000000
 1.0000000
 1.0000000
 1.0000000
 1.0000000
 1.0000000
 1.0000000
 1.0000000
 1.0000000
 1.0000000
 1.0000000
 1.0000000
 1.0000000
 1.0000000
 1.0000000
 1.0000000
 1.0000000
 1.0000000
 1.0000000
 1.0000000
 1.0000000
 1.0000000
 1.0000000
 1.0000000
 1.0000000
 1.0000000
 1.0000000
 1.0000000
 1.0000000
 1.0000000
 1.0000000
 1.0000000
 1.0000000
 1.0000000
 1.0000000
 1.0000000
 1.0000000
 1.0000000
 1.0000000
 1.0000000
 1.0000000
 1.0000000
 1.0000000
 1.0000000
 1.0000000
 1.0000000
 1.0000000
 1.0000000
 1.0000000
 1.0000000
 1.0000000
 1.0000000
 1.0000000
 1.0000000
 1.0000000
 1.0000000
 1.0000000
 1.0000000
 1.0000000
 1.0000000
 1.0000000
 1.0000000
 1.0000000
 1.0000000
 1.0000000
 1.0000000
 1.0000000
 1.0000000
 1.0000000
 1.0000000
 1.0000000
 1.0000000
 1.0000000
 1.0000000
 1.0000000
 1.0000000
 1.0000000
 1.0000000
 1.0000000
 1.0000000
 1.0000000
 1.0000000
 1.0000000
 1.0000000
 1.0000000
 1.0000000
 1.0000000
 1.0000000
 1.0000000
 1.0000000
 1.0000000
 1.0000000
 1.0000000
 1.0000000
 1.0000000
 1.0000000
 1.0000000
 1.0000000
 1.0000000
 1.0000000
 1.0000000
 1.0000000
