 0.0000000
 0.0000000
 0.0000000
 0.0000000
 0.0000000
 0.0000000
 0.0000000
 0.0000000
 0.0000000
 0.0000000
 0.0000000
 0.0000000
 0.0000000
 0.0000000
 0.0000000
 0.0000000
 0.0000000
 0.0000000
 0.0000000
 0.0000000
 0.0000000
 0.0000000
 0.0000000
 0.0000000
 0.0000000
 0.0000000
 0.0000000
 0.0000000
 0.0000000
 0.0000000
 0.0000000
 0.0000000
 0.0000000
 0.0000000
 0.0000000
 0.0000000
 0.0000584
 0.0000584
 0.0116392
 0.0116703
 0.0148741
 0.0165310
 0.1901302
 0.2014680
 0.2206100
 0.2379458
 0.2551774
 0.2556443
 0.2793917
 0.2808156
 0.2915177
 0.2926303
 0.3061640
 0.3069706
 0.3227616
 0.3282114
 0.3550040
 0.3590050
 0.3886518
 0.4083624
 0.4185692
 0.4345168
 0.4369869
 0.4583641
 0.4588698
 0.4658467
 0.4711918
 0.4862114
 0.4927014
 0.5023112
 0.5034608
 0.5076857
 0.5125617
 0.5214380
 0.5248467
 0.5351893
 0.5371322
 0.5643054
 0.5663995
 0.5968360
 0.5972873
 0.6210872
 0.6219419
 0.6358126
 0.6365595
 0.6520763
 0.6525445
 0.7533258
 0.7533258
 0.8330462
 0.8331396
 0.8702810
 0.8702810
 0.8789196
 0.8789196
 0.8845826
 0.8845826
 0.8924667
 0.8924667
 0.9036875
 0.9036875
 0.9099237
 0.9099237
 0.9123825
 0.9125381
 0.9151494
 0.9152428
 0.9209254
 0.9209254
 0.9209254
 0.9209254
 0.9312040
 0.9312040
 0.9334137
 0.9334137
 0.9355574
 0.9355574
 0.9360242
 0.9360242
 0.9405488
 0.9405488
 0.9406422
 0.9406422
 0.9445988
 0.9446571
 0.9450773
 0.9450773
 0.9450773
 0.9450773
 0.9453263
 0.9453263
 0.9483686
 0.9483686
 0.9494891
 0.9494891
 0.9494891
 0.9494891
 0.9494891
 0.9494891
 0.9496875
 0.9496875
 0.9501388
 0.9502944
 0.9504111
 0.9504111
 0.9518661
 0.9518661
 0.9524964
 0.9524964
 0.9529321
 0.9529321
 0.9534456
 0.9534456
 0.9538684
 0.9538684
 0.9549992
 0.9549992
 0.9551159
 0.9551159
 0.9554427
 0.9554427
 0.9554427
 0.9554427
 0.9568783
 0.9568783
 0.9580221
 0.9580221
 0.9584812
 0.9585979
 0.9586913
 0.9586913
 0.9586913
 0.9586913
 0.9589013
 0.9589013
 0.9592593
 0.9592593
 0.9593760
 0.9593760
 0.9595627
 0.9595627
 0.9597495
 0.9597495
 0.9597495
 0.9597495
 0.9600607
 0.9600607
 0.9604108
 0.9604108
 0.9606728
 0.9606728
 0.9613886
 0.9613886
 0.9613886
 0.9613886
 0.9615832
 0.9615832
 0.9615832
 0.9615832
 0.9616999
 0.9616999
 0.9620889
 0.9620889
 0.9620889
 0.9620889
 0.9622445
 0.9622445
 0.9624079
 0.9624079
 0.9627503
 0.9627503
 0.9629604
 0.9629604
 0.9633494
 0.9633494
 0.9635050
 0.9635050
 0.9635050
 0.9635050
 0.9636217
 0.9636217
 0.9636217
 0.9636217
 0.9636996
 0.9636996
 0.9651935
 0.9651935
 0.9656759
 0.9656759
 0.9656759
 0.9656759
 0.9657926
 0.9657926
 0.9659093
 0.9659093
 0.9661583
 0.9661583
 0.9661583
 0.9661583
 0.9664306
 0.9664306
 0.9665085
 0.9665085
 0.9667419
 0.9667419
 0.9669520
 0.9669520
 0.9680179
 0.9680179
 0.9687960
 0.9687960
 0.9687960
 0.9687960
 0.9692629
 0.9692629
 0.9700721
 0.9700721
 0.9700721
 0.9700721
 0.9700721
 0.9700721
 0.9701655
 0.9701655
 0.9717443
 0.9717443
 0.9724757
 0.9724757
 0.9725925
 0.9725925
 0.9725925
 0.9725925
 0.9728415
 0.9728415
 0.9729971
 0.9729971
 0.9731138
 0.9731138
 0.9734406
 0.9735340
 0.9735340
 0.9735340
 0.9738997
 0.9739930
 0.9740449
 0.9740449
 0.9743561
 0.9743561
 0.9743561
 0.9743561
 0.9745896
 0.9745896
 0.9745896
 0.9745896
 0.9746285
 0.9746285
 0.9746285
 0.9746285
 0.9747218
 0.9747218
 0.9747218
 0.9747218
 0.9749553
 0.9749553
 0.9749553
 0.9749553
 0.9749553
 0.9749553
 0.9749553
 0.9749553
 0.9751653
 0.9751653
 0.9755544
 0.9755544
 0.9757100
 0.9757100
 0.9757100
 0.9757100
 0.9757100
 0.9757100
 0.9758967
 0.9758967
 0.9764220
 0.9764220
 0.9766165
 0.9766165
 0.9767202
 0.9767202
 0.9772804
 0.9772804
 0.9772804
 0.9772804
 0.9773323
 0.9773323
 0.9774490
 0.9774490
 0.9776591
 0.9776591
 0.9776591
 0.9776591
 0.9778925
 0.9778925
 0.9778925
 0.9778925
 0.9778925
 0.9778925
 0.9778925
 0.9778925
 0.9783672
 0.9783672
 0.9785228
 0.9785228
 0.9787095
 0.9787095
 0.9787095
 0.9787095
 0.9787095
 0.9787095
 0.9788652
 0.9788652
 0.9788652
 0.9788652
 0.9793709
 0.9793709
 0.9794876
 0.9794876
 0.9799545
 0.9799545
 0.9801101
 0.9801101
 0.9801101
 0.9801101
 0.9801879
 0.9801879
 0.9801879
 0.9801879
 0.9801879
 0.9801879
 0.9803435
 0.9803435
 0.9803435
 0.9803435
 0.9803435
 0.9803435
 0.9805147
 0.9805147
 0.9805147
 0.9805147
 0.9805147
 0.9805147
 0.9809038
 0.9809038
 0.9809038
 0.9809038
 0.9809621
 0.9809621
 0.9809621
 0.9809621
 0.9813609
 0.9813609
 0.9813609
 0.9813609
 0.9813609
 0.9813609
 0.9820223
 0.9820223
 0.9821156
 0.9821156
 0.9824658
 0.9824658
 0.9827381
 0.9827381
 0.9830882
 0.9830882
 0.9830882
 0.9830882
 0.9831816
 0.9831816
 0.9832750
 0.9832750
 0.9832750
 0.9832750
 0.9833917
 0.9833917
 0.9833917
 0.9833917
 0.9833917
 0.9833917
 0.9833917
 0.9833917
 0.9833917
 0.9833917
 0.9834851
 0.9834851
 0.9834851
 0.9834851
 0.9837340
 0.9837340
 0.9837340
 0.9837340
 0.9838508
 0.9838508
 0.9838508
 0.9838508
 0.9839675
 0.9839675
 0.9839675
 0.9839675
 0.9840608
 0.9840608
 0.9840608
 0.9840608
 0.9840608
 0.9840608
 0.9840608
 0.9840608
 0.9840608
 0.9840608
 0.9844499
 0.9844499
 0.9846055
 0.9846055
 0.9847611
 0.9847611
 0.9849751
 0.9849751
 0.9853175
 0.9853175
 0.9853175
 0.9853175
 0.9855509
 0.9855509
 0.9855509
 0.9855509
 0.9855509
 0.9855509
 0.9856443
 0.9857480
 0.9857480
 0.9857480
 0.9858647
 0.9858647
 0.9860203
 0.9860203
 0.9860203
 0.9860203
 0.9860203
 0.9860203
 0.9863471
 0.9863471
 0.9863471
 0.9863471
 0.9863471
 0.9863471
 0.9864405
 0.9864405
 0.9868295
 0.9868295
 0.9868295
 0.9868295
 0.9868295
 0.9868295
 0.9871563
 0.9873120
 0.9873120
 0.9873120
 0.9873120
 0.9873120
 0.9873120
 0.9873120
 0.9873120
 0.9873120
 0.9873120
 0.9873120
 0.9874676
 0.9874676
 0.9874676
 0.9874676
 0.9874676
 0.9874676
 0.9875610
 0.9875610
 0.9877944
 0.9877944
 0.9877944
 0.9877944
 0.9880278
 0.9880278
 0.9881834
 0.9881834
 0.9881834
 0.9881834
 0.9884558
 0.9884558
 0.9888215
 0.9888215
 0.9888215
 0.9888215
 0.9888215
 0.9888215
 0.9888215
 0.9888215
 0.9888215
 0.9888215
 0.9888215
 0.9888215
 0.9888215
 0.9888215
 0.9888215
 0.9888215
 0.9888215
 0.9888215
 0.9888215
 0.9888215
 0.9888215
 0.9888215
 0.9888215
 0.9888215
 0.9888215
 0.9888215
 0.9888215
 0.9888215
 0.9888215
 0.9888215
 0.9888215
 0.9888215
 0.9889382
 0.9889382
 0.9889382
 0.9889382
 0.9889382
 0.9889382
 0.9891249
 0.9891249
 0.9891249
 0.9891249
 0.9892183
 0.9892183
 0.9892183
 0.9892183
 0.9892183
 0.9892183
 0.9892183
 0.9892183
 0.9892183
 0.9892183
 0.9892183
 0.9892183
 0.9892183
 0.9892183
 0.9892183
 0.9892183
 0.9892183
 0.9892183
 0.9892183
 0.9892183
 0.9893220
 0.9893220
 0.9893220
 0.9893220
 0.9893220
 0.9893220
 0.9893220
 0.9893220
 0.9895555
 0.9895555
 0.9895555
 0.9895555
 0.9895555
 0.9895555
 0.9896722
 0.9896722
 0.9898278
 0.9898278
 0.9901001
 0.9901001
 0.9901001
 0.9901001
 0.9901001
 0.9901001
 0.9901001
 0.9901001
 0.9901935
 0.9901935
 0.9902869
 0.9902869
 0.9902869
 0.9902869
 0.9902869
 0.9902869
 0.9902869
 0.9902869
 0.9904425
 0.9904425
 0.9904425
 0.9904425
 0.9905592
 0.9905592
 0.9905592
 0.9905592
 0.9908860
 0.9908860
 0.9908860
 0.9908860
 0.9908860
 0.9908860
 0.9908860
 0.9908860
 0.9908860
 0.9908860
 0.9908860
 0.9908860
 0.9908860
 0.9908860
 0.9908860
 0.9908860
 0.9911194
 0.9911194
 0.9911194
 0.9911194
 0.9912361
 0.9912361
 0.9912361
 0.9912361
 0.9912361
 0.9912361
 0.9916252
 0.9916252
 0.9916252
 0.9916252
 0.9917289
 0.9917289
 0.9917289
 0.9917289
 0.9918845
 0.9918845
 0.9920012
 0.9920012
 0.9920012
 0.9920012
 0.9920012
 0.9920012
 0.9920012
 0.9920012
 0.9920012
 0.9920012
 0.9920946
 0.9920946
 0.9920946
 0.9920946
 0.9920946
 0.9920946
 0.9920946
 0.9920946
 0.9920946
 0.9920946
 0.9920946
 0.9920946
 0.9920946
 0.9920946
 0.9920946
 0.9920946
 0.9922113
 0.9922113
 0.9922113
 0.9922113
 0.9923280
 0.9923280
 0.9923280
 0.9923280
 0.9923280
 0.9923280
 0.9923280
 0.9923280
 0.9924448
 0.9924448
 0.9924448
 0.9924448
 0.9924448
 0.9924448
 0.9924448
 0.9924448
 0.9924448
 0.9924448
 0.9926782
 0.9926782
 0.9926782
 0.9926782
 0.9927716
 0.9927716
 0.9930050
 0.9930050
 0.9930984
 0.9930984
 0.9930984
 0.9930984
 0.9930984
 0.9930984
 0.9930984
 0.9930984
 0.9930984
 0.9930984
 0.9933318
 0.9933318
 0.9933318
 0.9933318
 0.9933318
 0.9933318
 0.9933318
 0.9933318
 0.9933318
 0.9933318
 0.9933318
 0.9933318
 0.9933318
 0.9933318
 0.9934251
 0.9934251
 0.9934251
 0.9934251
 0.9934251
 0.9934251
 0.9936586
 0.9936586
 0.9938920
 0.9938920
 0.9938920
 0.9938920
 0.9940476
 0.9940476
 0.9943978
 0.9943978
 0.9944911
 0.9944911
 0.9944911
 0.9944911
 0.9944911
 0.9944911
 0.9944911
 0.9944911
 0.9944911
 0.9946467
 0.9946467
 0.9946467
 0.9946467
 0.9946467
 0.9946467
 0.9946467
 0.9946467
 0.9946467
 0.9946467
 0.9948024
 0.9948024
 0.9950358
 0.9950358
 0.9950358
 0.9950358
 0.9951914
 0.9951914
 0.9953081
 0.9953081
 0.9953081
 0.9953081
 0.9953081
 0.9953081
 0.9953081
 0.9953081
 0.9953081
 0.9953081
 0.9953081
 0.9953081
 0.9953081
 0.9953081
 0.9953081
 0.9953081
 0.9953081
 0.9953081
 0.9953081
 0.9953081
 0.9953081
 0.9953081
 0.9953081
 0.9953081
 0.9953081
 0.9953081
 0.9953081
 0.9953081
 0.9953081
 0.9953081
 0.9953081
 0.9953081
 0.9953081
 0.9953081
 0.9953081
 0.9953081
 0.9953081
 0.9953081
 0.9953081
 0.9953081
 0.9953081
 0.9953081
 0.9953081
 0.9953081
 0.9953081
 0.9953081
 0.9954248
 0.9954248
 0.9956583
 0.9956583
 0.9957750
 0.9957750
 0.9958683
 0.9958683
 0.9958683
 0.9958683
 0.9958683
 0.9958683
 0.9958683
 0.9958683
 0.9959851
 0.9959851
 0.9959851
 0.9959851
 0.9959851
 0.9959851
 0.9959851
 0.9959851
 0.9959851
 0.9959851
 0.9959851
 0.9959851
 0.9959851
 0.9959851
 0.9959851
 0.9959851
 0.9959851
 0.9959851
 0.9959851
 0.9959851
 0.9960784
 0.9960784
 0.9963119
 0.9963119
 0.9963119
 0.9963119
 0.9963119
 0.9963119
 0.9963119
 0.9963119
 0.9966231
 0.9966231
 0.9966231
 0.9966231
 0.9966231
 0.9966231
 0.9966231
 0.9966231
 0.9968565
 0.9968565
 0.9968565
 0.9968565
 0.9968565
 0.9968565
 0.9970666
 0.9970666
 0.9970666
 0.9970666
 0.9970666
 0.9970666
 0.9971833
 0.9971833
 0.9971833
 0.9971833
 0.9971833
 0.9971833
 0.9973000
 0.9973000
 0.9973000
 0.9973000
 0.9973000
 0.9973000
 0.9973000
 0.9973000
 0.9973000
 0.9973000
 0.9973000
 0.9973000
 0.9975335
 0.9975335
 0.9975335
 0.9975335
 0.9975335
 0.9975335
 0.9975335
 0.9975335
 0.9975335
 0.9975335
 0.9975335
 0.9975335
 0.9975335
 0.9975335
 0.9975335
 0.9975335
 0.9975335
 0.9975335
 0.9975335
 0.9975335
 0.9975335
 0.9975335
 0.9976502
 0.9976502
 0.9976502
 0.9976502
 0.9976502
 0.9976502
 0.9977669
 0.9977669
 0.9977669
 0.9977669
 0.9977669
 0.9977669
 0.9977669
 0.9977669
 0.9977669
 0.9977669
 0.9977669
 0.9977669
 0.9977669
 0.9977669
 0.9977669
 0.9977669
 0.9979225
 0.9979225
 0.9980392
 0.9980392
 0.9980392
 0.9980392
 0.9980392
 0.9980392
 0.9980392
 0.9980392
 0.9980392
 0.9980392
 0.9980392
 0.9980392
 0.9980392
 0.9980392
 0.9980392
 0.9980392
 0.9980392
 0.9980392
 0.9980392
 0.9980392
 0.9980392
 0.9980392
 0.9980392
 0.9980392
 0.9980392
 0.9980392
 0.9980392
 0.9980392
 0.9980392
 0.9980392
 0.9980392
 0.9980392
 0.9980392
 0.9980392
 0.9980392
 0.9980392
 0.9980392
 0.9980392
 0.9980392
 0.9980392
 0.9980392
 0.9980392
 0.9981559
 0.9981559
 0.9981559
 0.9981559
 0.9981559
 0.9981559
 0.9982493
 0.9982493
 0.9982493
 0.9982493
 0.9982493
 0.9982493
 0.9982493
 0.9982493
 0.9982493
 0.9982493
 0.9982493
 0.9982493
 0.9982493
 0.9982493
 0.9982493
 0.9982493
 0.9982493
 0.9982493
 0.9982493
 0.9982493
 0.9982493
 0.9982493
 0.9982493
 0.9982493
 0.9984594
 0.9984594
 0.9984594
 0.9984594
 0.9984594
 0.9984594
 0.9984594
 0.9984594
 0.9984594
 0.9984594
 0.9984594
 0.9984594
 0.9984594
 0.9984594
 0.9984594
 0.9984594
 0.9984594
 0.9984594
 0.9984594
 0.9984594
 0.9985761
 0.9985761
 0.9987862
 0.9987862
 0.9987862
 0.9987862
 0.9987862
 0.9987862
 0.9987862
 0.9987862
 0.9987862
 0.9987862
 0.9987862
 0.9987862
 0.9987862
 0.9987862
 0.9987862
 0.9987862
 0.9987862
 0.9987862
 0.9987862
 0.9987862
 0.9987862
 0.9987862
 0.9987862
 0.9987862
 0.9989029
 0.9989029
 0.9989029
 0.9989029
 0.9989029
 0.9989029
 0.9989029
 0.9989029
 0.9989029
 0.9989029
 0.9989029
 0.9989029
 0.9990196
 0.9990196
 0.9990196
 0.9990196
 0.9990196
 0.9990196
 0.9991363
 0.9991363
 0.9991363
 0.9991363
 0.9991363
 0.9991363
 0.9991363
 0.9991363
 0.9991363
 0.9991363
 0.9991363
 0.9991363
 0.9991363
 0.9991363
 0.9991363
 0.9991363
 0.9992530
 0.9992530
 0.9992530
 0.9992530
 0.9992530
 0.9992530
 0.9992530
 0.9992530
 0.9992530
 0.9992530
 0.9993697
 0.9993697
 0.9993697
 0.9993697
 0.9993697
 0.9993697
 0.9993697
 0.9993697
 0.9993697
 0.9993697
 0.9993697
 0.9993697
 0.9993697
 0.9993697
 0.9993697
 0.9993697
 0.9993697
 0.9993697
 0.9993697
 0.9993697
 0.9993697
 0.9993697
 0.9993697
 0.9993697
 0.9993697
 0.9993697
 0.9993697
 0.9993697
 0.9993697
 0.9993697
 0.9993697
 0.9993697
 0.9993697
 0.9993697
 0.9993697
 0.9993697
 0.9993697
 0.9993697
 0.9993697
 0.9993697
 0.9993697
 0.9993697
 0.9993697
 0.9993697
 0.9993697
 0.9993697
 0.9993697
 0.9993697
 0.9993697
 0.9993697
 0.9993697
 0.9993697
 0.9993697
 0.9993697
 0.9993697
 0.9993697
 0.9993697
 0.9993697
 0.9994631
 0.9994631
 0.9994631
 0.9994631
 0.9994631
 0.9994631
 0.9994631
 0.9994631
 0.9994631
 0.9994631
 0.9994631
 0.9994631
 0.9994631
 0.9994631
 0.9994631
 0.9994631
 0.9994631
 0.9994631
 0.9994631
 0.9994631
 0.9994631
 0.9994631
 0.9994631
 0.9994631
 0.9994631
 0.9994631
 0.9994631
 0.9994631
 0.9994631
 0.9994631
 0.9994631
 0.9994631
 0.9994631
 0.9994631
 0.9994631
 0.9994631
 0.9994631
 0.9994631
 0.9994631
 0.9994631
 0.9994631
 0.9994631
 0.9994631
 0.9994631
 0.9994631
 0.9994631
 0.9994631
 0.9994631
 0.9994631
 0.9994631
 0.9996965
 0.9996965
 0.9998133
 0.9998133
 0.9998133
 0.9998133
 0.9998133
 0.9998133
 0.9998133
 0.9998133
 0.9998133
 0.9998133
 0.9998133
 0.9998133
 0.9998133
 0.9998133
 0.9998133
 0.9998133
 0.9998133
 0.9998133
 0.9998133
 0.9998133
 0.9998133
 0.9998133
 0.9998133
 0.9998133
 0.9998133
 0.9998133
 0.9998133
 0.9998133
 0.9998133
 0.9998133
 0.9998133
 0.9998133
 0.9998133
 0.9998133
 0.9998133
 0.9998133
 0.9998133
 0.9998133
 0.9998133
 0.9998133
 0.9998133
 0.9998133
 0.9998133
 0.9998133
 0.9998133
 0.9998133
 0.9998133
 0.9998133
 0.9998133
 0.9998133
 0.9998133
 0.9998133
 0.9998133
 0.9998133
 0.9998133
 0.9998133
 0.9998133
 0.9998133
 0.9998133
 0.9998133
 0.9998133
 0.9998133
 0.9998133
 0.9998133
 0.9998133
 0.9998133
 0.9998133
 0.9998133
 0.9998133
 0.9998133
 0.9999066
 0.9999066
 0.9999066
 0.9999066
 0.9999066
 0.9999066
 0.9999066
 0.9999066
 0.9999066
 0.9999066
 0.9999066
 0.9999066
 0.9999066
 0.9999066
 0.9999066
 0.9999066
 0.9999066
 0.9999066
 0.9999066
 0.9999066
 0.9999066
 0.9999066
 0.9999066
 0.9999066
 0.9999066
 0.9999066
 1.0000000
 1.0000000
 1.0000000
 1.0000000
 1.0000000
 1.0000000
 1.0000000
 1.0000000
 1.0000000
 1.0000000
 1.0000000
 1.0000000
 1.0000000
 1.0000000
 1.0000000
 1.0000000
 1.0000000
 1.0000000
 1.0000000
 1.0000000
 1.0000000
 1.0000000
 1.0000000
 1.0000000
 1.0000000
 1.0000000
 1.0000000
 1.0000000
 1.0000000
 1.0000000
 1.0000000
 1.0000000
 1.0000000
 1.0000000
 1.0000000
 1.0000000
 1.0000000
 1.0000000
 1.0000000
 1.0000000
 1.0000000
 1.0000000
 1.0000000
 1.0000000
 1.0000000
 1.0000000
 1.0000000
 1.0000000
 1.0000000
 1.0000000
 1.0000000
 1.0000000
 1.0000000
 1.0000000
 1.0000000
 1.0000000
 1.0000000
 1.0000000
 1.0000000
 1.0000000
 1.0000000
 1.0000000
 1.0000000
 1.0000000
 1.0000000
 1.0000000
 1.0000000
 1.0000000
 1.0000000
 1.0000000
 1.0000000
 1.0000000
 1.0000000
 1.0000000
 1.0000000
 1.0000000
 1.0000000
 1.0000000
 1.0000000
 1.0000000
 1.0000000
 1.0000000
 1.0000000
 1.0000000
 1.0000000
 1.0000000
 1.0000000
 1.0000000
 1.0000000
 1.0000000
 1.0000000
 1.0000000
 1.0000000
 1.0000000
 1.0000000
 1.0000000
 1.0000000
