 2.0000002
 1.0000002
 1.0000001
 1.0000000
 0.9518915
 0.9518116
 0.9420847
 0.9420633
 0.9393615
 0.9393507
 0.9386119
 0.9386091
 0.9308748
 0.9308717
 0.9277728
 0.9277726
 0.9266188
 0.9265844
 0.9092118
 0.9091792
 0.9048749
 0.9048541
 0.8950044
 0.8949301
 0.8896320
 0.8896297
 0.8770119
 0.8769403
 0.8626041
 0.8625609
 0.8608507
 0.8608499
 0.8481140
 0.8480706
 0.7950488
 0.7950011
 0.6683905
 0.6681154
 0.5709794
 0.5706449
 0.5631521
 0.5604857
 0.4593276
 0.4555029
 0.4489121
 0.4431345
 0.4376887
 0.4376136
 0.4299722
 0.4295087
 0.4267749
 0.4264246
 0.4217381
 0.4213867
 0.4159764
 0.4143102
 0.4065110
 0.4054409
 0.3958279
 0.3902243
 0.3867203
 0.3819878
 0.3813983
 0.3748682
 0.3745287
 0.3723856
 0.3709622
 0.3668402
 0.3651161
 0.3622437
 0.3618449
 0.3604895
 0.3588876
 0.3559698
 0.3548004
 0.3515977
 0.3512478
 0.3435780
 0.3425758
 0.3314583
 0.3312990
 0.3224543
 0.3220894
 0.3170943
 0.3166388
 0.3117592
 0.3115648
 0.2724499
 0.2724153
 0.2315442
 0.2315046
 0.2059079
 0.2058877
 0.1993643
 0.1993456
 0.1960809
 0.1960803
 0.1924726
 0.1924635
 0.1830280
 0.1830206
 0.1782951
 0.1782869
 0.1761026
 0.1760989
 0.1739962
 0.1739627
 0.1698048
 0.1698009
 0.1697336
 0.1697227
 0.1591423
 0.1591422
 0.1571095
 0.1571009
 0.1542680
 0.1542525
 0.1536463
 0.1536448
 0.1491967
 0.1491950
 0.1488312
 0.1488240
 0.1443879
 0.1443751
 0.1439785
 0.1439726
 0.1439658
 0.1439547
 0.1435633
 0.1435280
 0.1396834
 0.1396707
 0.1394290
 0.1394249
 0.1393996
 0.1393926
 0.1393761
 0.1393756
 0.1390282
 0.1390226
 0.1376344
 0.1376337
 0.1373878
 0.1373776
 0.1361465
 0.1361346
 0.1347180
 0.1347130
 0.1344963
 0.1344958
 0.1341076
 0.1340729
 0.1333113
 0.1333110
 0.1324116
 0.1324008
 0.1323059
 0.1322985
 0.1322168
 0.1322151
 0.1321281
 0.1321167
 0.1299582
 0.1299575
 0.1275998
 0.1275988
 0.1267074
 0.1266998
 0.1265587
 0.1265573
 0.1262037
 0.1261828
 0.1258499
 0.1258472
 0.1256206
 0.1256135
 0.1255656
 0.1255447
 0.1245909
 0.1245883
 0.1238136
 0.1238092
 0.1234649
 0.1234633
 0.1232924
 0.1232861
 0.1229965
 0.1229928
 0.1223858
 0.1223848
 0.1219826
 0.1219797
 0.1218847
 0.1218773
 0.1215931
 0.1215764
 0.1214836
 0.1214808
 0.1213082
 0.1212935
 0.1202626
 0.1202619
 0.1201931
 0.1201928
 0.1198038
 0.1198020
 0.1194391
 0.1194372
 0.1190047
 0.1190002
 0.1184834
 0.1184614
 0.1183128
 0.1183125
 0.1182106
 0.1182100
 0.1182011
 0.1181926
 0.1179825
 0.1179810
 0.1179764
 0.1179738
 0.1174550
 0.1174405
 0.1160937
 0.1160880
 0.1159159
 0.1159065
 0.1157670
 0.1157660
 0.1156353
 0.1156345
 0.1154877
 0.1154797
 0.1151282
 0.1151264
 0.1151119
 0.1151109
 0.1147636
 0.1147620
 0.1146209
 0.1146161
 0.1143437
 0.1143415
 0.1139729
 0.1139718
 0.1125654
 0.1125590
 0.1117361
 0.1117337
 0.1114248
 0.1114217
 0.1105361
 0.1105325
 0.1094278
 0.1094249
 0.1093693
 0.1093692
 0.1093595
 0.1093583
 0.1092650
 0.1092637
 0.1055634
 0.1055527
 0.1044608
 0.1044463
 0.1041114
 0.1041090
 0.1040670
 0.1040620
 0.1037571
 0.1037467
 0.1033895
 0.1033793
 0.1029379
 0.1029364
 0.1022219
 0.1022095
 0.1020561
 0.1020514
 0.1013894
 0.1013802
 0.1013036
 0.1012963
 0.1010176
 0.1010162
 0.1008332
 0.1008304
 0.1004072
 0.1004055
 0.1002229
 0.1002192
 0.1001592
 0.1001590
 0.0999003
 0.0998987
 0.0998111
 0.0998058
 0.0997796
 0.0997732
 0.0994736
 0.0994655
 0.0994581
 0.0994570
 0.0993441
 0.0993382
 0.0992273
 0.0992169
 0.0987715
 0.0987698
 0.0986619
 0.0986551
 0.0980979
 0.0980917
 0.0979988
 0.0979954
 0.0976179
 0.0976172
 0.0970688
 0.0970604
 0.0966429
 0.0966423
 0.0964185
 0.0964078
 0.0954847
 0.0954639
 0.0939392
 0.0939364
 0.0937907
 0.0937658
 0.0936864
 0.0936830
 0.0931759
 0.0931721
 0.0925770
 0.0925630
 0.0925199
 0.0925193
 0.0922895
 0.0922823
 0.0918537
 0.0918424
 0.0918022
 0.0917991
 0.0916490
 0.0916464
 0.0911548
 0.0911542
 0.0909181
 0.0909014
 0.0898326
 0.0898311
 0.0897451
 0.0897443
 0.0897249
 0.0897229
 0.0892228
 0.0892217
 0.0891818
 0.0891799
 0.0885148
 0.0885087
 0.0882498
 0.0882489
 0.0875445
 0.0875424
 0.0872539
 0.0872511
 0.0871241
 0.0871226
 0.0868141
 0.0868136
 0.0862506
 0.0862503
 0.0861799
 0.0861755
 0.0861231
 0.0861145
 0.0859226
 0.0859199
 0.0857003
 0.0856990
 0.0853372
 0.0853293
 0.0851827
 0.0851793
 0.0847934
 0.0847933
 0.0845695
 0.0845667
 0.0843728
 0.0843727
 0.0842237
 0.0842222
 0.0841615
 0.0841604
 0.0832429
 0.0832384
 0.0831949
 0.0831922
 0.0830681
 0.0830679
 0.0820197
 0.0820180
 0.0819433
 0.0819406
 0.0813573
 0.0813450
 0.0806142
 0.0806125
 0.0802318
 0.0802272
 0.0797269
 0.0797118
 0.0792718
 0.0792700
 0.0789233
 0.0789131
 0.0788456
 0.0788396
 0.0784658
 0.0784653
 0.0783041
 0.0782949
 0.0781180
 0.0781177
 0.0780219
 0.0780196
 0.0778957
 0.0778946
 0.0778160
 0.0778057
 0.0776555
 0.0776540
 0.0769534
 0.0769522
 0.0768393
 0.0768379
 0.0763831
 0.0763822
 0.0763172
 0.0763135
 0.0762630
 0.0762599
 0.0761116
 0.0761093
 0.0759124
 0.0759111
 0.0758270
 0.0758230
 0.0757765
 0.0757688
 0.0757065
 0.0756978
 0.0755967
 0.0755911
 0.0753437
 0.0753377
 0.0748453
 0.0748358
 0.0747261
 0.0747239
 0.0740348
 0.0740343
 0.0737533
 0.0737522
 0.0737476
 0.0737468
 0.0735240
 0.0735210
 0.0733332
 0.0733206
 0.0732879
 0.0732873
 0.0731892
 0.0731825
 0.0731051
 0.0731048
 0.0725352
 0.0725334
 0.0723254
 0.0723224
 0.0722992
 0.0722978
 0.0721719
 0.0721657
 0.0720375
 0.0720334
 0.0716008
 0.0715968
 0.0715759
 0.0715736
 0.0709804
 0.0709728
 0.0703830
 0.0703811
 0.0702703
 0.0702690
 0.0696709
 0.0696708
 0.0691622
 0.0691606
 0.0690294
 0.0690289
 0.0689975
 0.0689892
 0.0689672
 0.0689628
 0.0689401
 0.0689386
 0.0688061
 0.0688051
 0.0687577
 0.0687550
 0.0686849
 0.0686838
 0.0685977
 0.0685857
 0.0684147
 0.0684136
 0.0677435
 0.0677363
 0.0677266
 0.0677181
 0.0675644
 0.0675603
 0.0662175
 0.0662158
 0.0660292
 0.0660235
 0.0653381
 0.0653300
 0.0647196
 0.0647190
 0.0646039
 0.0646023
 0.0645351
 0.0645295
 0.0644868
 0.0644748
 0.0638007
 0.0637966
 0.0634483
 0.0634475
 0.0633419
 0.0633358
 0.0631914
 0.0631913
 0.0631730
 0.0631723
 0.0631054
 0.0631036
 0.0628890
 0.0628875
 0.0627474
 0.0627413
 0.0626006
 0.0626003
 0.0625987
 0.0625969
 0.0623470
 0.0623460
 0.0622527
 0.0622517
 0.0618789
 0.0618785
 0.0618346
 0.0618285
 0.0617598
 0.0617581
 0.0608173
 0.0608088
 0.0606994
 0.0606977
 0.0597077
 0.0597054
 0.0595699
 0.0595553
 0.0595332
 0.0595242
 0.0591669
 0.0591625
 0.0590284
 0.0590282
 0.0590146
 0.0590129
 0.0589244
 0.0589225
 0.0586382
 0.0586361
 0.0584947
 0.0584910
 0.0584276
 0.0584271
 0.0581998
 0.0581958
 0.0581746
 0.0581735
 0.0580252
 0.0580184
 0.0576723
 0.0576721
 0.0574045
 0.0574031
 0.0573928
 0.0573907
 0.0573002
 0.0572995
 0.0570087
 0.0570071
 0.0565518
 0.0565483
 0.0554842
 0.0554839
 0.0554582
 0.0554547
 0.0553718
 0.0553645
 0.0553241
 0.0553235
 0.0550877
 0.0550845
 0.0549940
 0.0549914
 0.0547725
 0.0547701
 0.0546289
 0.0546253
 0.0545974
 0.0545902
 0.0539412
 0.0539346
 0.0536919
 0.0536794
 0.0531881
 0.0531875
 0.0531238
 0.0531227
 0.0527851
 0.0527832
 0.0526410
 0.0526405
 0.0522964
 0.0522963
 0.0522187
 0.0522181
 0.0520456
 0.0520444
 0.0519479
 0.0519458
 0.0519427
 0.0519418
 0.0517727
 0.0517722
 0.0516277
 0.0516210
 0.0516040
 0.0516033
 0.0514741
 0.0514736
 0.0513392
 0.0513368
 0.0512663
 0.0512661
 0.0507291
 0.0507265
 0.0506856
 0.0506801
 0.0504428
 0.0504343
 0.0500146
 0.0500098
 0.0498933
 0.0498890
 0.0494108
 0.0494044
 0.0492148
 0.0492101
 0.0491315
 0.0491300
 0.0491033
 0.0490948
 0.0490705
 0.0490658
 0.0488278
 0.0488217
 0.0482030
 0.0482018
 0.0481548
 0.0481487
 0.0480379
 0.0480353
 0.0478693
 0.0478664
 0.0477702
 0.0477671
 0.0476872
 0.0476861
 0.0474948
 0.0474947
 0.0472408
 0.0472399
 0.0468753
 0.0468746
 0.0463519
 0.0463501
 0.0462431
 0.0462427
 0.0461989
 0.0461977
 0.0459753
 0.0459738
 0.0457003
 0.0456937
 0.0455127
 0.0455086
 0.0453131
 0.0453084
 0.0448614
 0.0448596
 0.0447208
 0.0447166
 0.0442620
 0.0442524
 0.0441613
 0.0441607
 0.0437162
 0.0437126
 0.0435365
 0.0435333
 0.0432503
 0.0432495
 0.0431611
 0.0431480
 0.0430505
 0.0430433
 0.0427213
 0.0427190
 0.0424181
 0.0424175
 0.0423232
 0.0423225
 0.0421044
 0.0420968
 0.0420340
 0.0420330
 0.0419519
 0.0419450
 0.0418600
 0.0418576
 0.0418133
 0.0418090
 0.0413222
 0.0413186
 0.0412044
 0.0412017
 0.0411329
 0.0411322
 0.0410389
 0.0410333
 0.0408326
 0.0408226
 0.0405121
 0.0405118
 0.0404206
 0.0404162
 0.0398184
 0.0398173
 0.0393606
 0.0393605
 0.0381784
 0.0381743
 0.0379640
 0.0379606
 0.0379555
 0.0378758
 0.0378754
 0.0373658
 0.0373629
 0.0371941
 0.0371913
 0.0362931
 0.0362885
 0.0360572
 0.0360559
 0.0357281
 0.0357184
 0.0357170
 0.0357149
 0.0355268
 0.0355254
 0.0346554
 0.0346531
 0.0345412
 0.0345401
 0.0341632
 0.0341613
 0.0340479
 0.0340401
 0.0339664
 0.0339611
 0.0339433
 0.0339384
 0.0338733
 0.0338716
 0.0337744
 0.0337731
 0.0334261
 0.0334256
 0.0334014
 0.0333998
 0.0332585
 0.0332572
 0.0332186
 0.0332182
 0.0329939
 0.0329927
 0.0329861
 0.0329855
 0.0329322
 0.0329304
 0.0329233
 0.0329232
 0.0328870
 0.0328829
 0.0328363
 0.0328344
 0.0327442
 0.0327421
 0.0323828
 0.0323816
 0.0323215
 0.0323149
 0.0321723
 0.0321683
 0.0321166
 0.0321117
 0.0320657
 0.0320653
 0.0320607
 0.0320567
 0.0320067
 0.0320061
 0.0316465
 0.0316451
 0.0315067
 0.0315062
 0.0312205
 0.0312202
 0.0311669
 0.0311636
 0.0307125
 0.0307016
 0.0305365
 0.0305262
 0.0304925
 0.0304843
 0.0303945
 0.0303919
 0.0303478
 0.0303475
 0.0300382
 0.0300366
 0.0299396
 0.0299350
 0.0293813
 0.0293802
 0.0291391
 0.0291379
 0.0291346
 0.0291281
 0.0290582
 0.0290571
 0.0290406
 0.0290388
 0.0287959
 0.0287898
 0.0283592
 0.0283585
 0.0277958
 0.0277952
 0.0274208
 0.0274182
 0.0271080
 0.0271061
 0.0268131
 0.0268114
 0.0261771
 0.0261721
 0.0259980
 0.0259897
 0.0259594
 0.0259576
 0.0257443
 0.0257410
 0.0249707
 0.0249695
 0.0249113
 0.0249077
 0.0248051
 0.0248007
 0.0244188
 0.0244172
 0.0243929
 0.0243860
 0.0240282
 0.0240228
 0.0238979
 0.0238929
 0.0238813
 0.0238810
 0.0232435
 0.0232431
 0.0227413
 0.0227398
 0.0225398
 0.0225381
 0.0224981
 0.0224970
 0.0223445
 0.0223418
 0.0220224
 0.0220195
 0.0218839
 0.0218823
 0.0218090
 0.0218033
 0.0217777
 0.0217771
 0.0215567
 0.0215555
 0.0213643
 0.0213603
 0.0212165
 0.0212118
 0.0211493
 0.0211478
 0.0211378
 0.0211346
 0.0210270
 0.0210252
 0.0207672
 0.0207656
 0.0202430
 0.0202403
 0.0201812
 0.0201785
 0.0198576
 0.0198554
 0.0197953
 0.0197945
 0.0197216
 0.0197194
 0.0193365
 0.0193342
 0.0193018
 0.0192987
 0.0191639
 0.0191623
 0.0191224
 0.0191150
 0.0185974
 0.0185956
 0.0185737
 0.0185673
 0.0185460
 0.0185449
 0.0184447
 0.0184439
 0.0179249
 0.0179219
 0.0177656
 0.0177637
 0.0176797
 0.0176780
 0.0173052
 0.0173035
 0.0172709
 0.0172653
 0.0171229
 0.0171227
 0.0170456
 0.0170436
 0.0167679
 0.0167672
 0.0167107
 0.0167091
 0.0166041
 0.0166027
 0.0164133
 0.0164078
 0.0163642
 0.0163613
 0.0162616
 0.0162589
 0.0160569
 0.0160563
 0.0159913
 0.0159888
 0.0158504
 0.0158478
 0.0155196
 0.0155152
 0.0151827
 0.0151806
 0.0151362
 0.0151308
 0.0147063
 0.0147035
 0.0141290
 0.0141275
 0.0140003
 0.0139980
 0.0138035
 0.0138005
 0.0136698
 0.0136647
 0.0135047
 0.0135008
 0.0133503
 0.0133459
 0.0132527
 0.0132441
 0.0129507
 0.0129495
 0.0129437
 0.0129434
 0.0123456
 0.0123439
 0.0119816
 0.0119796
 0.0116379
 0.0116376
 0.0115946
 0.0115943
 0.0113274
 0.0113217
 0.0112670
 0.0112628
 0.0112197
 0.0112186
 0.0106930
 0.0106861
 0.0100346
 0.0100328
 0.0097082
 0.0097081
 0.0092237
 0.0092159
 0.0092103
 0.0092089
 0.0088928
 0.0088920
 0.0085028
 0.0085013
 0.0080026
 0.0079942
 0.0079705
 0.0079656
 0.0074315
 0.0074212
 0.0073570
 0.0073562
 0.0069573
 0.0069459
 0.0067725
 0.0067678
 0.0065598
 0.0065555
 0.0062293
 0.0062290
 0.0062156
 0.0062154
 0.0060902
 0.0060894
 0.0060427
 0.0060418
 0.0060286
 0.0060284
 0.0056326
 0.0056300
 0.0054314
 0.0054270
 0.0044689
 0.0044558
 0.0041487
 0.0041466
 0.0039623
 0.0039620
 0.0035156
 0.0035154
 0.0034235
 0.0034188
 0.0032538
 0.0032537
 0.0029529
 0.0029519
 0.0028432
 0.0028417
 0.0028083
 0.0028075
 0.0021884
 0.0021879
 0.0018033
 0.0018019
 0.0015523
 0.0015514
 0.0007017
 0.0006989
-0.0004754
-0.0004843
-0.0008184
-0.0008198
-0.0008385
-0.0008389
-0.0012140
-0.0012142
-0.0014022
-0.0014078
-0.0023424
-0.0023498
-0.0024387
-0.0024388
-0.0024992
-0.0025015
-0.0027636
-0.0027639
-0.0034522
-0.0034536
-0.0034595
-0.0034630
-0.0038388
-0.0038397
-0.0045515
-0.0045526
-0.0064642
-0.0064680
-0.0066245
-0.0066289
-0.0070648
-0.0070675
-0.0071076
-0.0071078
-0.0071145
-0.0071148
-0.0073710
-0.0073751
-0.0080834
-0.0080858
-0.0082163
-0.0082170
-0.0082236
-0.0082261
-0.0084248
-0.0084261
-0.0085362
-0.0085439
-0.0092790
-0.0092837
-0.0093169
-0.0093181
-0.0094566
-0.0094604
-0.0096869
-0.0096873
-0.0100348
-0.0100354
-0.0103972
-0.0104039
-0.0106143
-0.0106154
-0.0111613
-0.0111616
-0.0112065
-0.0112077
-0.0117973
-0.0118036
-0.0121399
-0.0121432
-0.0121780
-0.0121847
-0.0124615
-0.0124641
-0.0130920
-0.0131031
-0.0131386
-0.0131419
-0.0133057
-0.0133067
-0.0137917
-0.0137950
-0.0139183
-0.0139193
-0.0141827
-0.0141890
-0.0147029
-0.0147032
-0.0148397
-0.0148428
-0.0149260
-0.0149271
-0.0154096
-0.0154103
-0.0155204
-0.0155212
-0.0162171
-0.0162268
-0.0162754
-0.0162778
-0.0173075
-0.0173117
-0.0174246
-0.0174279
-0.0178610
-0.0178659
-0.0178734
-0.0178764
-0.0181498
-0.0181591
-0.0183743
-0.0183797
-0.0184270
-0.0184297
-0.0190729
-0.0190746
-0.0192388
-0.0192450
-0.0193291
-0.0193335
-0.0196759
-0.0196766
-0.0202403
-0.0202418
-0.0204681
-0.0204718
-0.0206304
-0.0206322
-0.0211796
-0.0211843
-0.0214504
-0.0214577
-0.0228895
-0.0228950
-0.0231242
-0.0231279
-0.0237650
-0.0237678
-0.0237805
-0.0237814
-0.0239334
-0.0239459
-0.0239666
-0.0239717
-0.0240804
-0.0240846
-0.0242865
-0.0242886
-0.0242957
-0.0242976
-0.0244397
-0.0244401
-0.0248071
-0.0248084
-0.0248650
-0.0248656
-0.0249841
-0.0250002
-0.0250772
-0.0250774
-0.0252672
-0.0252685
-0.0253369
-0.0253400
-0.0270784
-0.0270891
-0.0272503
-0.0272556
-0.0282609
-0.0282626
-0.0289185
-0.0289251
-0.0306733
-0.0306783
-0.0315933
-0.0316215
-0.0323359
-0.0323361
-0.0326492
-0.0326512
-0.0326562
-0.0326576
-0.0331387
-0.0331420
-0.0332617
-0.0332631
-0.0333642
-0.0333703
-0.0336193
-0.0336228
-0.0336846
-0.0336913
-0.0342399
-0.0342418
-0.0342915
-0.0342951
-0.0343079
-0.0343156
-0.0349201
-0.0349323
-0.0354399
-0.0354427
-0.0358147
-0.0358238
-0.0371899
-0.0371907
-0.0377584
-0.0377684
-0.0378557
-0.0378585
-0.0384715
-0.0384864
-0.0386433
-0.0386441
-0.0393980
-0.0393989
-0.0403803
-0.0403878
-0.0409176
-0.0409243
-0.0409973
-0.0410006
-0.0413236
-0.0413373
-0.0414039
-0.0414057
-0.0414537
-0.0414544
-0.0415993
-0.0416016
-0.0419171
-0.0419219
-0.0421589
-0.0421614
-0.0422285
-0.0422346
-0.0433154
-0.0433159
-0.0434467
-0.0434648
-0.0449502
-0.0449519
-0.0458013
-0.0458050
-0.0462968
-0.0463017
-0.0464385
-0.0464460
-0.0477687
-0.0477728
-0.0483067
-0.0483096
-0.0492886
-0.0493026
-0.0494336
-0.0494357
-0.0494445
-0.0494547
-0.0508563
-0.0508644
-0.0511938
-0.0511986
-0.0521230
-0.0521252
-0.0523901
-0.0524028
-0.0531167
-0.0531313
-0.0538000
-0.0538018
-0.0574765
-0.0574815
-0.0586009
-0.0586079
-0.0589331
-0.0589418
-0.0593965
-0.0594001
-0.0600102
-0.0600147
-0.0602825
-0.0602848
-0.0617708
-0.0617738
-0.0634365
-0.0634409
-0.0641327
-0.0641372
-0.0643724
-0.0643773
-0.0673666
-0.0673716
-0.0683972
-0.0684132
-0.0696454
-0.0696498
-0.0712161
-0.0712234
-0.0718667
-0.0718747
-0.0735987
-0.0736036
-0.0759695
-0.0759795
-0.0762035
-0.0762056
-0.0767173
-0.0767179
-0.0801714
-0.0801853
-0.0831680
-0.0831689
-0.0866244
-0.0866393
-0.0867023
-0.0867096
-0.0879879
-0.0879906
-0.0890673
-0.0890740
-0.0943539
-0.0943564
-0.0964294
-0.0964380
-0.1068691
-0.1068942
-0.2757796
