 0.0000000
 0.0000000
 0.0000000
 0.0000000
 0.0000000
 0.0000000
 0.0000000
 0.0000000
 0.0000000
 0.0000000
 0.0000000
 0.0000000
 0.0000000
 0.0000000
 0.0000000
 0.0000000
 0.0000000
 0.0000000
 0.0000000
 0.0000000
 0.0000000
 0.0000000
 0.0000000
 0.0000000
 0.0000000
 0.0003735
 0.0003968
 0.0003968
 0.0003968
 0.1030063
 0.1059408
 0.1297187
 0.1325700
 0.1754885
 0.1775089
 0.2228711
 0.2284617
 0.2584773
 0.2606956
 0.2610151
 0.2698060
 0.2739340
 0.2835603
 0.3165536
 0.3194053
 0.3229989
 0.3358632
 0.3517952
 0.3749556
 0.3751891
 0.3810164
 0.3850878
 0.3976337
 0.3982503
 0.4673253
 0.4726329
 0.5234927
 0.5239456
 0.5786348
 0.5792028
 0.8255736
 0.8255736
 0.8505191
 0.8505191
 0.8625503
 0.8625503
 0.8811339
 0.8811573
 0.8818731
 0.8818731
 0.8939908
 0.8943176
 0.8960372
 0.8961928
 0.9064679
 0.9064679
 0.9076474
 0.9076474
 0.9135251
 0.9136185
 0.9154206
 0.9155139
 0.9161691
 0.9161691
 0.9164803
 0.9164803
 0.9199903
 0.9199903
 0.9202004
 0.9202004
 0.9232764
 0.9233698
 0.9242089
 0.9242089
 0.9267202
 0.9269537
 0.9289806
 0.9289806
 0.9301399
 0.9301399
 0.9303033
 0.9303033
 0.9329800
 0.9329800
 0.9379706
 0.9380640
 0.9384530
 0.9384530
 0.9421597
 0.9421597
 0.9435292
 0.9435292
 0.9444784
 0.9447865
 0.9460626
 0.9460626
 0.9460626
 0.9461560
 0.9462727
 0.9462727
 0.9465061
 0.9465061
 0.9467162
 0.9467162
 0.9468329
 0.9468329
 0.9491827
 0.9491827
 0.9509646
 0.9509646
 0.9521110
 0.9521110
 0.9538228
 0.9538228
 0.9553992
 0.9553992
 0.9556326
 0.9556326
 0.9566674
 0.9566674
 0.9566674
 0.9566674
 0.9570643
 0.9570643
 0.9580913
 0.9580913
 0.9580913
 0.9580913
 0.9589597
 0.9589597
 0.9589597
 0.9589597
 0.9592631
 0.9592631
 0.9598331
 0.9598331
 0.9613873
 0.9613873
 0.9618308
 0.9618308
 0.9624066
 0.9624066
 0.9624066
 0.9624066
 0.9626556
 0.9626556
 0.9632937
 0.9632937
 0.9635037
 0.9635037
 0.9649510
 0.9649510
 0.9659417
 0.9659417
 0.9663074
 0.9663074
 0.9666187
 0.9666187
 0.9669610
 0.9669610
 0.9669610
 0.9669610
 0.9674201
 0.9674201
 0.9674979
 0.9674979
 0.9676847
 0.9676847
 0.9678014
 0.9678014
 0.9678014
 0.9679181
 0.9681982
 0.9681982
 0.9688285
 0.9688285
 0.9688285
 0.9688285
 0.9689218
 0.9689218
 0.9689218
 0.9689218
 0.9690385
 0.9690385
 0.9690385
 0.9690385
 0.9694665
 0.9694665
 0.9699256
 0.9699256
 0.9699256
 0.9699256
 0.9701356
 0.9701356
 0.9702290
 0.9702290
 0.9702290
 0.9702290
 0.9702290
 0.9702290
 0.9702290
 0.9702290
 0.9708671
 0.9708671
 0.9708671
 0.9708671
 0.9709604
 0.9709604
 0.9709604
 0.9709604
 0.9709604
 0.9709604
 0.9711238
 0.9711238
 0.9711238
 0.9711238
 0.9711238
 0.9711238
 0.9712405
 0.9712405
 0.9712405
 0.9712405
 0.9715673
 0.9715673
 0.9719175
 0.9719175
 0.9727111
 0.9727111
 0.9728667
 0.9728667
 0.9729835
 0.9729835
 0.9729835
 0.9729835
 0.9729835
 0.9729835
 0.9731806
 0.9731806
 0.9732739
 0.9732739
 0.9733673
 0.9736007
 0.9739664
 0.9739664
 0.9740598
 0.9741532
 0.9748924
 0.9748924
 0.9751258
 0.9752192
 0.9752192
 0.9752192
 0.9757638
 0.9757638
 0.9757638
 0.9757638
 0.9757638
 0.9757638
 0.9757638
 0.9757638
 0.9759194
 0.9759194
 0.9759194
 0.9759194
 0.9760362
 0.9760362
 0.9765419
 0.9765419
 0.9765419
 0.9765419
 0.9766353
 0.9766353
 0.9771722
 0.9771722
 0.9771722
 0.9771722
 0.9771722
 0.9771722
 0.9772889
 0.9772889
 0.9772889
 0.9772889
 0.9774445
 0.9774445
 0.9776935
 0.9776935
 0.9780592
 0.9780592
 0.9780592
 0.9780592
 0.9781759
 0.9781759
 0.9784871
 0.9784871
 0.9784871
 0.9784871
 0.9784871
 0.9784871
 0.9785805
 0.9785805
 0.9785805
 0.9785805
 0.9786972
 0.9786972
 0.9786972
 0.9786972
 0.9790344
 0.9790344
 0.9790344
 0.9790344
 0.9790344
 0.9790344
 0.9790344
 0.9790344
 0.9790344
 0.9790344
 0.9794234
 0.9794234
 0.9797736
 0.9797736
 0.9798669
 0.9798669
 0.9798669
 0.9798669
 0.9798669
 0.9798669
 0.9802949
 0.9802949
 0.9809174
 0.9809174
 0.9810107
 0.9810107
 0.9810107
 0.9810107
 0.9813609
 0.9813609
 0.9816527
 0.9816527
 0.9816527
 0.9816527
 0.9816527
 0.9816527
 0.9816527
 0.9816527
 0.9816916
 0.9816916
 0.9817694
 0.9817694
 0.9817694
 0.9817694
 0.9819561
 0.9819561
 0.9820728
 0.9820728
 0.9824385
 0.9824385
 0.9824385
 0.9824385
 0.9824385
 0.9824385
 0.9826097
 0.9826097
 0.9829988
 0.9829988
 0.9829988
 0.9829988
 0.9829988
 0.9829988
 0.9829988
 0.9829988
 0.9829988
 0.9829988
 0.9831155
 0.9831155
 0.9831155
 0.9831155
 0.9831155
 0.9831155
 0.9833489
 0.9833489
 0.9833489
 0.9833489
 0.9833878
 0.9833878
 0.9833878
 0.9833878
 0.9835045
 0.9835045
 0.9837379
 0.9837379
 0.9841036
 0.9841036
 0.9843760
 0.9843760
 0.9845316
 0.9845316
 0.9849595
 0.9849595
 0.9849595
 0.9849595
 0.9849595
 0.9849595
 0.9849595
 0.9849595
 0.9849595
 0.9849595
 0.9849595
 0.9849595
 0.9851930
 0.9851930
 0.9853486
 0.9853486
 0.9853486
 0.9853486
 0.9853486
 0.9853486
 0.9853486
 0.9853486
 0.9853486
 0.9853486
 0.9853486
 0.9853486
 0.9854653
 0.9856209
 0.9856209
 0.9856209
 0.9857143
 0.9857143
 0.9857143
 0.9857143
 0.9857143
 0.9857143
 0.9857143
 0.9857143
 0.9857143
 0.9857143
 0.9857143
 0.9857143
 0.9859633
 0.9859633
 0.9859633
 0.9859633
 0.9863834
 0.9863834
 0.9865002
 0.9865002
 0.9865002
 0.9865002
 0.9866169
 0.9866169
 0.9866169
 0.9866169
 0.9866169
 0.9866169
 0.9866169
 0.9866169
 0.9866169
 0.9866169
 0.9867102
 0.9867102
 0.9867102
 0.9867102
 0.9867102
 0.9867102
 0.9867102
 0.9867102
 0.9868036
 0.9868036
 0.9868036
 0.9868036
 0.9869592
 0.9869592
 0.9870526
 0.9870526
 0.9870526
 0.9870526
 0.9870526
 0.9870526
 0.9870526
 0.9870526
 0.9870526
 0.9870526
 0.9872082
 0.9872082
 0.9872082
 0.9872082
 0.9872082
 0.9872082
 0.9872082
 0.9872082
 0.9872082
 0.9872082
 0.9872082
 0.9872082
 0.9874416
 0.9874416
 0.9874416
 0.9874416
 0.9875973
 0.9875973
 0.9881808
 0.9881808
 0.9884143
 0.9884143
 0.9884143
 0.9884143
 0.9884143
 0.9884143
 0.9884143
 0.9884143
 0.9884143
 0.9884143
 0.9885076
 0.9885076
 0.9885076
 0.9885076
 0.9886243
 0.9886243
 0.9888344
 0.9888344
 0.9889511
 0.9889511
 0.9889511
 0.9889511
 0.9890445
 0.9890445
 0.9892312
 0.9892312
 0.9893246
 0.9893246
 0.9893246
 0.9893246
 0.9893246
 0.9893246
 0.9893246
 0.9893246
 0.9894180
 0.9894180
 0.9894180
 0.9894180
 0.9895347
 0.9895347
 0.9895347
 0.9895347
 0.9896281
 0.9896281
 0.9897214
 0.9897214
 0.9897214
 0.9897214
 0.9897214
 0.9897214
 0.9898148
 0.9898148
 0.9898148
 0.9898148
 0.9898148
 0.9898148
 0.9898148
 0.9898148
 0.9898148
 0.9898148
 0.9898148
 0.9898148
 0.9898148
 0.9898148
 0.9898148
 0.9898148
 0.9898148
 0.9898148
 0.9898148
 0.9898148
 0.9898148
 0.9898148
 0.9899704
 0.9900871
 0.9900871
 0.9900871
 0.9900871
 0.9900871
 0.9900871
 0.9900871
 0.9900871
 0.9900871
 0.9903361
 0.9903361
 0.9903361
 0.9903361
 0.9903361
 0.9903361
 0.9903361
 0.9903361
 0.9903361
 0.9903361
 0.9903361
 0.9903361
 0.9903361
 0.9903361
 0.9903361
 0.9903361
 0.9903361
 0.9903361
 0.9903361
 0.9903361
 0.9903361
 0.9903361
 0.9905696
 0.9905696
 0.9905696
 0.9905696
 0.9905696
 0.9905696
 0.9906629
 0.9906629
 0.9907563
 0.9907563
 0.9907563
 0.9907563
 0.9908730
 0.9908730
 0.9908730
 0.9908730
 0.9909897
 0.9909897
 0.9909897
 0.9909897
 0.9911064
 0.9911064
 0.9911064
 0.9911064
 0.9911064
 0.9911064
 0.9911998
 0.9911998
 0.9913554
 0.9913554
 0.9913554
 0.9913554
 0.9913554
 0.9913554
 0.9914488
 0.9914488
 0.9914488
 0.9914488
 0.9916200
 0.9916200
 0.9916200
 0.9916200
 0.9916200
 0.9916200
 0.9916200
 0.9916200
 0.9917367
 0.9917367
 0.9917367
 0.9917367
 0.9917367
 0.9917367
 0.9918534
 0.9918534
 0.9918534
 0.9918534
 0.9919468
 0.9919468
 0.9919468
 0.9919468
 0.9919468
 0.9919468
 0.9920635
 0.9920635
 0.9920635
 0.9920635
 0.9920635
 0.9920635
 0.9920635
 0.9920635
 0.9920635
 0.9920635
 0.9920635
 0.9920635
 0.9920635
 0.9920635
 0.9920635
 0.9920635
 0.9922969
 0.9922969
 0.9923903
 0.9923903
 0.9923903
 0.9923903
 0.9925070
 0.9925070
 0.9927404
 0.9927404
 0.9928960
 0.9928960
 0.9929894
 0.9929894
 0.9929894
 0.9929894
 0.9929894
 0.9929894
 0.9929894
 0.9929894
 0.9929894
 0.9929894
 0.9929894
 0.9929894
 0.9929894
 0.9929894
 0.9929894
 0.9929894
 0.9929894
 0.9929894
 0.9929894
 0.9929894
 0.9929894
 0.9929894
 0.9929894
 0.9929894
 0.9929894
 0.9929894
 0.9929894
 0.9929894
 0.9929894
 0.9929894
 0.9929894
 0.9929894
 0.9929894
 0.9929894
 0.9929894
 0.9929894
 0.9930828
 0.9930828
 0.9931995
 0.9931995
 0.9931995
 0.9931995
 0.9931995
 0.9931995
 0.9934329
 0.9934329
 0.9934329
 0.9934329
 0.9936664
 0.9936664
 0.9936664
 0.9936664
 0.9937597
 0.9937597
 0.9937597
 0.9937597
 0.9937597
 0.9937597
 0.9937597
 0.9937597
 0.9938531
 0.9938531
 0.9938531
 0.9938531
 0.9938531
 0.9938531
 0.9938531
 0.9938531
 0.9938531
 0.9938531
 0.9938531
 0.9938531
 0.9938531
 0.9938531
 0.9938531
 0.9938531
 0.9938531
 0.9938531
 0.9938531
 0.9938531
 0.9940087
 0.9940087
 0.9940087
 0.9940087
 0.9941254
 0.9941254
 0.9941254
 0.9941254
 0.9941254
 0.9941254
 0.9941254
 0.9941254
 0.9941254
 0.9941254
 0.9941254
 0.9941254
 0.9941254
 0.9941254
 0.9941254
 0.9941254
 0.9941254
 0.9941254
 0.9941254
 0.9941254
 0.9941254
 0.9941254
 0.9941254
 0.9941254
 0.9941254
 0.9941254
 0.9941254
 0.9941254
 0.9941254
 0.9941254
 0.9941254
 0.9941254
 0.9941254
 0.9941254
 0.9941254
 0.9941254
 0.9941254
 0.9941254
 0.9941254
 0.9941254
 0.9941254
 0.9941254
 0.9941254
 0.9941254
 0.9941254
 0.9941254
 0.9944678
 0.9944678
 0.9945845
 0.9945845
 0.9945845
 0.9945845
 0.9946779
 0.9946779
 0.9948335
 0.9948335
 0.9948335
 0.9948335
 0.9948335
 0.9948335
 0.9948335
 0.9948335
 0.9948335
 0.9948335
 0.9948335
 0.9948335
 0.9948335
 0.9948335
 0.9948335
 0.9948335
 0.9949502
 0.9949502
 0.9949502
 0.9949502
 0.9949502
 0.9949502
 0.9949502
 0.9949502
 0.9949502
 0.9949502
 0.9949502
 0.9949502
 0.9949502
 0.9949502
 0.9949502
 0.9949502
 0.9949502
 0.9949502
 0.9949502
 0.9949502
 0.9949502
 0.9949502
 0.9949502
 0.9949502
 0.9949502
 0.9949502
 0.9950436
 0.9950436
 0.9950436
 0.9950436
 0.9951369
 0.9951369
 0.9952537
 0.9952537
 0.9952537
 0.9952537
 0.9952537
 0.9952537
 0.9952537
 0.9952537
 0.9952537
 0.9952537
 0.9952537
 0.9952537
 0.9952537
 0.9952537
 0.9953470
 0.9953470
 0.9953470
 0.9953470
 0.9953470
 0.9953470
 0.9953470
 0.9953470
 0.9953470
 0.9953470
 0.9953470
 0.9953470
 0.9953470
 0.9953470
 0.9953470
 0.9953470
 0.9953470
 0.9953470
 0.9954404
 0.9954404
 0.9954404
 0.9954404
 0.9954404
 0.9954404
 0.9954404
 0.9954404
 0.9955571
 0.9955571
 0.9955571
 0.9955571
 0.9955571
 0.9955571
 0.9955571
 0.9955571
 0.9955571
 0.9955571
 0.9955571
 0.9955571
 0.9955571
 0.9955571
 0.9955571
 0.9955571
 0.9955571
 0.9955571
 0.9955571
 0.9955571
 0.9956505
 0.9956505
 0.9956505
 0.9956505
 0.9956505
 0.9956505
 0.9956505
 0.9956505
 0.9956505
 0.9956505
 0.9956505
 0.9956505
 0.9956505
 0.9956505
 0.9956505
 0.9956505
 0.9956505
 0.9956505
 0.9956505
 0.9956505
 0.9956505
 0.9956505
 0.9956505
 0.9956505
 0.9956505
 0.9956505
 0.9956505
 0.9956505
 0.9957672
 0.9957672
 0.9957672
 0.9957672
 0.9957672
 0.9957672
 0.9959228
 0.9959228
 0.9959228
 0.9959228
 0.9960784
 0.9960784
 0.9960784
 0.9960784
 0.9960784
 0.9960784
 0.9960784
 0.9960784
 0.9960784
 0.9960784
 0.9960784
 0.9960784
 0.9960784
 0.9960784
 0.9960784
 0.9960784
 0.9960784
 0.9960784
 0.9960784
 0.9960784
 0.9960784
 0.9960784
 0.9963119
 0.9963119
 0.9963119
 0.9963119
 0.9963119
 0.9963119
 0.9963119
 0.9963119
 0.9963119
 0.9963119
 0.9963119
 0.9963119
 0.9963119
 0.9963119
 0.9963119
 0.9963119
 0.9963119
 0.9963119
 0.9963119
 0.9963119
 0.9963119
 0.9963119
 0.9963119
 0.9963119
 0.9963119
 0.9963119
 0.9963119
 0.9963119
 0.9963119
 0.9963119
 0.9963119
 0.9963119
 0.9963119
 0.9963119
 0.9963119
 0.9963119
 0.9963119
 0.9964052
 0.9964052
 0.9964052
 0.9964052
 0.9964052
 0.9964052
 0.9964052
 0.9964052
 0.9964052
 0.9964052
 0.9964052
 0.9964052
 0.9964052
 0.9964052
 0.9964052
 0.9964052
 0.9964052
 0.9964052
 0.9964052
 0.9964052
 0.9964052
 0.9964052
 0.9964052
 0.9964052
 0.9964052
 0.9964052
 0.9964052
 0.9964052
 0.9964052
 0.9964052
 0.9964052
 0.9964052
 0.9964052
 0.9964052
 0.9964052
 0.9964052
 0.9964052
 0.9964052
 0.9964052
 0.9964052
 0.9965608
 0.9965608
 0.9965608
 0.9965608
 0.9965608
 0.9965608
 0.9966776
 0.9966776
 0.9966776
 0.9966776
 0.9966776
 0.9966776
 0.9966776
 0.9966776
 0.9966776
 0.9966776
 0.9966776
 0.9966776
 0.9966776
 0.9966776
 0.9966776
 0.9966776
 0.9966776
 0.9966776
 0.9966776
 0.9966776
 0.9966776
 0.9966776
 0.9966776
 0.9966776
 0.9966776
 0.9966776
 0.9966776
 0.9966776
 0.9966776
 0.9966776
 0.9966776
 0.9966776
 0.9966776
 0.9966776
 0.9966776
 0.9966776
 0.9966776
 0.9966776
 0.9966776
 0.9966776
 0.9966776
 0.9966776
 0.9966776
 0.9966776
 0.9966776
 0.9966776
 0.9966776
 0.9966776
 0.9967709
 0.9967709
 0.9970199
 0.9970199
 0.9970199
 0.9970199
 0.9970199
 0.9970199
 0.9970199
 0.9970199
 0.9970199
 0.9970199
 0.9970199
 0.9970199
 0.9970199
 0.9970199
 0.9970199
 0.9970199
 0.9971755
 0.9971755
 0.9971755
 0.9971755
 0.9971755
 0.9971755
 0.9971755
 0.9971755
 0.9971755
 0.9971755
 0.9971755
 0.9971755
 0.9973312
 0.9973312
 0.9973312
 0.9973312
 0.9973312
 0.9973312
 0.9973312
 0.9973312
 0.9973312
 0.9973312
 0.9973312
 0.9973312
 0.9973312
 0.9973312
 0.9973312
 0.9973312
 0.9973312
 0.9973312
 0.9973312
 0.9973312
 0.9973312
 0.9973312
 0.9973312
 0.9973312
 0.9973312
 0.9973312
 0.9973312
 0.9973312
 0.9973312
 0.9973312
 0.9973312
 0.9973312
 0.9973312
 0.9973312
 0.9973312
 0.9973312
 0.9973312
 0.9973312
 0.9973312
 0.9973312
 0.9973312
 0.9973312
 0.9974479
 0.9974479
 0.9974479
 0.9974479
 0.9974479
 0.9974479
 0.9974479
 0.9974479
 0.9975646
 0.9975646
 0.9975646
 0.9975646
 0.9975646
 0.9975646
 0.9975646
 0.9975646
 0.9975646
 0.9975646
 0.9975646
 0.9975646
 0.9975646
 0.9975646
 0.9975646
 0.9975646
 0.9975646
 0.9975646
 0.9975646
 0.9975646
 0.9975646
 0.9975646
 0.9975646
 0.9975646
 0.9976813
 0.9976813
 0.9976813
 0.9976813
 0.9976813
 0.9976813
 0.9977980
 0.9977980
 0.9977980
 0.9977980
 0.9977980
 0.9977980
 0.9977980
 0.9977980
 0.9977980
 0.9977980
 0.9977980
 0.9977980
 0.9977980
 0.9977980
 0.9977980
 0.9977980
 0.9978914
 0.9978914
 0.9978914
 0.9978914
 0.9978914
 0.9978914
 0.9980081
 0.9980081
 0.9980081
 0.9980081
 0.9980081
 0.9980081
 0.9980081
 0.9980081
 0.9982415
 0.9982415
 0.9982415
 0.9982415
 0.9982415
 0.9982415
 0.9982415
 0.9982415
 0.9982415
 0.9982415
 0.9982415
 0.9982415
 0.9982415
 0.9982415
 0.9982415
 0.9982415
 0.9982415
 0.9982415
 0.9982415
 0.9982415
 0.9982415
 0.9982415
 0.9982415
 0.9982415
 0.9982415
 0.9982415
 0.9982415
 0.9982415
 0.9982415
 0.9982415
 0.9982415
 0.9982415
 0.9982415
 0.9982415
 0.9982415
 0.9982415
 0.9982415
 0.9982415
 0.9982415
 0.9982415
 0.9982415
 0.9982415
 0.9982415
 0.9982415
 0.9982415
 0.9982415
 0.9982415
 0.9982415
 0.9982415
 0.9982415
 0.9982415
 0.9982415
 0.9982415
 0.9982415
 0.9983971
 0.9983971
 0.9983971
 0.9983971
 0.9983971
 0.9983971
 0.9983971
 0.9983971
 0.9983971
 0.9983971
 0.9983971
 0.9983971
 0.9985138
 0.9985138
 0.9985138
 0.9985138
 0.9985138
 0.9985138
 0.9985138
 0.9985138
 0.9985138
 0.9985138
 0.9985138
 0.9985138
 0.9985138
 0.9985138
 0.9985138
 0.9985138
 0.9985138
 0.9985138
 0.9985138
 0.9985138
 0.9985138
 0.9985138
 0.9985138
 0.9985138
 0.9985138
 0.9985138
 0.9985138
 0.9985138
 0.9985138
 0.9985138
 0.9985138
 0.9985138
 0.9985138
 0.9985138
 0.9985138
 0.9985138
 0.9985138
 0.9985138
 0.9985138
 0.9985138
 0.9985138
 0.9985138
 0.9985138
 0.9985138
 0.9985138
 0.9985138
 0.9985138
 0.9985138
 0.9985138
 0.9985138
 0.9985138
 0.9985138
 0.9985138
 0.9985138
 0.9985138
 0.9985138
 0.9985138
 0.9985138
 0.9985138
 0.9985138
 0.9985138
 0.9985138
 0.9986306
 0.9986306
 0.9986306
 0.9986306
 0.9986306
 0.9986306
 0.9986306
 0.9986306
 0.9986306
 0.9986306
 0.9986306
 0.9986306
 0.9986306
 0.9986306
 0.9986306
 0.9986306
 0.9986306
 0.9986306
 0.9986306
 0.9986306
 0.9986306
 0.9986306
 0.9986306
 0.9986306
 0.9986306
 0.9986306
 0.9986306
 0.9986306
 0.9986306
 0.9986306
 0.9987862
 0.9987862
 0.9987862
 0.9987862
 0.9987862
 0.9987862
 0.9987862
 0.9987862
 0.9987862
 0.9987862
 0.9987862
 0.9987862
 0.9987862
 0.9987862
 0.9987862
 0.9987862
 0.9987862
 0.9987862
 0.9987862
 0.9987862
 0.9987862
 0.9987862
 0.9987862
 0.9987862
 0.9988796
 0.9988796
 0.9988796
 0.9988796
 0.9988796
 0.9988796
 0.9988796
 0.9988796
 0.9988796
 0.9988796
 0.9988796
 0.9988796
 0.9988796
 0.9988796
 0.9988796
 0.9988796
 0.9988796
 0.9988796
 0.9988796
 0.9988796
 0.9988796
 0.9988796
 0.9988796
 0.9988796
 0.9988796
 0.9988796
 0.9988796
 0.9988796
 0.9988796
 0.9988796
 0.9988796
 0.9988796
 0.9988796
 0.9988796
 0.9988796
 0.9988796
 0.9988796
 0.9988796
 0.9988796
 0.9988796
 0.9988796
 0.9988796
 0.9988796
 0.9988796
 0.9988796
 0.9988796
 0.9988796
 0.9988796
 0.9988796
 0.9988796
 0.9988796
 0.9988796
 0.9988796
 0.9988796
 0.9988796
 0.9988796
 0.9988796
 0.9988796
 0.9988796
 0.9988796
 0.9988796
 0.9988796
 0.9988796
 0.9988796
 0.9988796
 0.9988796
 0.9988796
 0.9988796
 0.9988796
 0.9988796
 0.9988796
 0.9988796
 0.9988796
 0.9988796
 0.9988796
 0.9988796
 0.9988796
 0.9988796
 0.9988796
 0.9988796
 0.9988796
 0.9988796
 0.9988796
 0.9988796
 0.9988796
 0.9988796
 0.9988796
 0.9988796
 0.9988796
 0.9988796
 0.9988796
 0.9988796
 0.9988796
 0.9988796
 0.9988796
 0.9988796
 0.9988796
 0.9988796
 0.9988796
 0.9988796
 0.9988796
 0.9988796
 0.9988796
 0.9988796
 0.9988796
 0.9988796
 0.9988796
 0.9988796
 0.9988796
 0.9988796
 0.9988796
 0.9988796
 0.9988796
 0.9988796
 0.9988796
 0.9988796
 0.9988796
 0.9988796
 0.9988796
 0.9988796
 0.9988796
 0.9988796
 0.9988796
 0.9988796
 0.9988796
 0.9988796
 0.9988796
 0.9988796
 0.9988796
 0.9988796
 0.9988796
 0.9988796
 0.9988796
 0.9988796
 0.9988796
 0.9988796
 0.9988796
 0.9988796
 0.9988796
 0.9988796
 0.9988796
 0.9988796
 0.9988796
 0.9988796
 0.9988796
 0.9988796
 0.9988796
 0.9988796
 0.9988796
 0.9988796
 0.9988796
 0.9988796
 0.9988796
 0.9988796
 0.9988796
 0.9988796
 0.9988796
 0.9988796
 0.9988796
 0.9988796
 0.9988796
 0.9988796
 0.9988796
 0.9988796
 0.9988796
 0.9988796
 0.9988796
 0.9988796
 0.9988796
 0.9988796
 0.9988796
 0.9988796
 0.9988796
 0.9988796
 0.9988796
 0.9988796
 0.9989963
 0.9989963
 0.9989963
 0.9989963
 0.9989963
 0.9989963
 0.9989963
 0.9989963
 0.9989963
 0.9989963
 0.9989963
 0.9989963
 0.9989963
 0.9989963
 0.9989963
 0.9989963
 0.9989963
 0.9989963
 0.9989963
 0.9989963
 0.9989963
 0.9989963
 0.9989963
 0.9989963
 0.9989963
 0.9989963
 0.9989963
 0.9989963
 0.9989963
 0.9989963
 0.9989963
 0.9989963
 0.9991130
 0.9991130
 0.9991130
 0.9991130
 0.9991130
 0.9991130
 0.9991130
 0.9991130
 0.9991130
 0.9991130
 0.9991130
 0.9991130
 0.9991130
 0.9991130
 0.9991130
 0.9991130
 0.9991130
 0.9991130
 0.9991130
 0.9991130
 0.9991130
 0.9991130
 0.9991130
 0.9991130
 0.9991130
 0.9991130
 0.9991130
 0.9991130
 0.9991130
 0.9991130
 0.9991130
 0.9991130
 0.9991130
 0.9991130
 0.9991130
 0.9991130
 0.9992297
 0.9992297
 0.9992297
 0.9992297
 0.9993464
 0.9993464
 0.9993464
 0.9993464
 0.9993464
 0.9993464
 0.9993464
 0.9993464
 0.9993464
 0.9993464
 0.9993464
 0.9993464
 0.9993464
 0.9993464
 0.9993464
 0.9993464
 0.9993464
 0.9993464
 0.9993464
 0.9993464
 0.9994398
 0.9994398
 0.9994398
 0.9994398
 0.9994398
 0.9994398
 0.9994398
 0.9994398
 0.9995331
 0.9995331
 0.9995331
 0.9995331
 0.9995331
 0.9995331
 0.9995331
 0.9995331
 0.9995331
 0.9995331
 0.9995331
 0.9995331
 0.9995331
 0.9995331
 0.9995331
 0.9995331
 0.9995331
 0.9995331
 0.9995331
 0.9995331
 0.9995331
 0.9995331
 0.9995331
 0.9995331
 0.9995331
 0.9995331
 0.9995331
 0.9995331
 0.9995331
 0.9995331
 0.9995331
 0.9995331
 0.9995331
 0.9995331
 0.9995331
 0.9995331
 0.9995331
 0.9995331
 0.9995331
 0.9995331
 0.9996888
 0.9996888
 0.9996888
 0.9996888
 0.9996888
 0.9996888
 0.9996888
 0.9996888
 0.9996888
 0.9996888
 0.9996888
 0.9996888
 0.9996888
 0.9996888
 0.9998444
 0.9998444
 0.9998444
 0.9998444
 0.9998444
 0.9998444
 0.9998444
 0.9998444
 0.9998444
 0.9998444
 0.9998444
 0.9998444
 1.0000000
