 0.0000000
 0.0000000
 0.0000000
 0.0000000
 0.0000000
 0.0000000
 0.0000000
 0.0000000
 0.0000000
 0.0000000
 0.0000000
 0.0000000
 0.0000000
 0.0000000
 0.0000000
 0.0000000
 0.0000000
 0.0000000
 0.0000000
 0.0000778
 0.0000778
 0.0000778
 0.0000778
 0.0002023
 0.0002023
 0.1851495
 0.1858864
 0.1914807
 0.1944302
 0.7300728
 0.7332697
 0.7553979
 0.7574022
 0.7877608
 0.7882743
 0.8169084
 0.8208012
 0.8366270
 0.8374673
 0.8377007
 0.8415513
 0.8454391
 0.8503625
 0.8645338
 0.8652885
 0.8668836
 0.8701023
 0.8770704
 0.8847878
 0.8854103
 0.8873789
 0.8886783
 0.8934772
 0.8935939
 0.9168777
 0.9196088
 0.9313311
 0.9313311
 0.9468306
 0.9470796
 0.9915889
 0.9915889
 0.9930205
 0.9930205
 0.9941254
 0.9941254
 0.9954521
 0.9954521
 0.9956855
 0.9956855
 0.9962924
 0.9962924
 0.9965025
 0.9965025
 0.9969810
 0.9969810
 0.9969810
 0.9969810
 0.9971911
 0.9971911
 0.9973467
 0.9973467
 0.9973467
 0.9973467
 0.9973467
 0.9973467
 0.9973467
 0.9973467
 0.9973467
 0.9973467
 0.9977747
 0.9977747
 0.9979303
 0.9979303
 0.9980470
 0.9980470
 0.9980470
 0.9980470
 0.9980470
 0.9980470
 0.9980470
 0.9980470
 0.9982960
 0.9982960
 0.9985061
 0.9985061
 0.9985994
 0.9985994
 0.9988095
 0.9988095
 0.9989262
 0.9989262
 0.9989262
 0.9989262
 0.9991597
 0.9991597
 0.9991597
 0.9991597
 0.9991597
 0.9991597
 0.9991597
 0.9991597
 0.9991597
 0.9991597
 0.9991597
 0.9991597
 0.9992764
 0.9992764
 0.9992764
 0.9992764
 0.9992764
 0.9992764
 0.9993697
 0.9993697
 0.9993697
 0.9993697
 0.9993697
 0.9993697
 0.9994631
 0.9994631
 0.9994631
 0.9994631
 0.9994631
 0.9994631
 0.9994631
 0.9994631
 0.9994631
 0.9994631
 0.9994631
 0.9994631
 0.9994631
 0.9994631
 0.9994631
 0.9994631
 0.9994631
 0.9994631
 0.9994631
 0.9994631
 0.9994631
 0.9994631
 0.9994631
 0.9994631
 0.9994631
 0.9994631
 0.9994631
 0.9994631
 0.9994631
 0.9994631
 0.9994631
 0.9994631
 0.9994631
 0.9994631
 0.9994631
 0.9994631
 0.9994631
 0.9994631
 0.9994631
 0.9994631
 0.9994631
 0.9994631
 0.9994631
 0.9994631
 0.9994631
 0.9994631
 0.9994631
 0.9994631
 0.9994631
 0.9994631
 0.9994631
 0.9994631
 0.9994631
 0.9994631
 0.9994631
 0.9994631
 0.9994631
 0.9994631
 0.9994631
 0.9994631
 0.9994631
 0.9994631
 0.9994631
 0.9994631
 0.9994631
 0.9994631
 0.9994631
 0.9994631
 0.9994631
 0.9994631
 0.9994631
 0.9994631
 0.9994631
 0.9994631
 0.9994631
 0.9994631
 0.9994631
 0.9994631
 0.9994631
 0.9994631
 0.9994631
 0.9994631
 0.9994631
 0.9994631
 0.9995565
 0.9995565
 0.9995565
 0.9995565
 0.9995565
 0.9995565
 0.9995565
 0.9995565
 0.9995565
 0.9995565
 0.9995565
 0.9995565
 0.9995565
 0.9995565
 0.9995565
 0.9995565
 0.9995565
 0.9995565
 0.9995565
 0.9995565
 0.9995565
 0.9995565
 0.9995565
 0.9995565
 0.9996499
 0.9996499
 0.9996499
 0.9996499
 0.9996499
 0.9996499
 0.9996499
 0.9996499
 0.9996499
 0.9996499
 0.9996499
 0.9996499
 0.9996499
 0.9996499
 0.9996499
 0.9996499
 0.9996499
 0.9996499
 0.9996499
 0.9996499
 0.9996499
 0.9996499
 0.9996499
 0.9996499
 0.9996499
 0.9996499
 0.9996499
 0.9996499
 0.9996499
 0.9996499
 0.9996499
 0.9996499
 0.9996499
 0.9996499
 0.9996499
 0.9996499
 0.9996499
 0.9996499
 0.9996499
 0.9996499
 0.9996499
 0.9996499
 0.9996499
 0.9996499
 0.9996499
 0.9996499
 0.9996499
 0.9996499
 0.9996499
 0.9996499
 0.9996499
 0.9996499
 0.9996499
 0.9996499
 0.9996499
 0.9996499
 0.9996499
 0.9996499
 0.9996499
 0.9996499
 0.9996499
 0.9996499
 0.9996499
 0.9996499
 0.9996499
 0.9996499
 0.9996499
 0.9996499
 0.9996499
 0.9996499
 0.9996499
 0.9996499
 0.9996499
 0.9996499
 0.9996499
 0.9996499
 0.9996499
 0.9996499
 0.9996499
 0.9996499
 0.9996499
 0.9996499
 0.9996499
 0.9996499
 0.9996499
 0.9996499
 0.9996499
 0.9996499
 0.9996499
 0.9996499
 0.9996499
 0.9996499
 0.9996499
 0.9996499
 0.9996499
 0.9996499
 0.9996499
 0.9996499
 0.9996499
 0.9996499
 0.9996499
 0.9996499
 0.9996499
 0.9996499
 0.9996499
 0.9996499
 0.9996499
 0.9996499
 0.9996499
 0.9996499
 0.9996499
 0.9996499
 0.9996499
 0.9996499
 0.9996499
 0.9996499
 0.9996499
 0.9996499
 0.9996499
 0.9996499
 0.9996499
 0.9996499
 0.9996499
 0.9996499
 0.9996499
 0.9996499
 0.9996499
 0.9996499
 0.9996499
 0.9996499
 0.9996499
 0.9996499
 0.9996499
 0.9996499
 0.9996499
 0.9996499
 0.9996499
 0.9996499
 0.9996499
 0.9996499
 0.9996499
 0.9996499
 0.9996499
 0.9996499
 0.9996499
 0.9996499
 0.9996499
 0.9996499
 0.9996499
 0.9996499
 0.9996499
 0.9996499
 0.9996499
 0.9996499
 0.9996499
 0.9996499
 0.9996499
 0.9996499
 0.9996499
 0.9996499
 0.9996499
 0.9996499
 0.9996499
 0.9996499
 0.9996499
 0.9996499
 0.9996499
 0.9996499
 0.9996499
 0.9996499
 0.9996499
 0.9996499
 0.9996499
 0.9996499
 0.9996499
 0.9996499
 0.9996499
 0.9996499
 0.9996499
 0.9996499
 0.9996499
 0.9996499
 0.9996499
 0.9996499
 0.9996499
 0.9996499
 0.9996499
 0.9996499
 0.9996499
 0.9996499
 0.9996499
 0.9996499
 0.9996499
 0.9996499
 0.9996499
 0.9996499
 0.9996499
 0.9996499
 0.9996499
 0.9996499
 0.9996499
 0.9996499
 0.9996499
 0.9996499
 0.9996499
 0.9996499
 0.9996499
 0.9996499
 0.9996499
 0.9996499
 0.9996499
 0.9996499
 0.9996499
 0.9996499
 0.9996499
 0.9996499
 0.9996499
 0.9996499
 0.9997666
 0.9997666
 0.9997666
 0.9997666
 0.9997666
 0.9997666
 0.9997666
 0.9997666
 0.9997666
 0.9997666
 0.9997666
 0.9997666
 0.9997666
 0.9997666
 0.9997666
 0.9997666
 0.9997666
 0.9997666
 0.9997666
 0.9997666
 0.9997666
 0.9997666
 0.9997666
 0.9997666
 0.9997666
 0.9997666
 0.9997666
 0.9997666
 0.9997666
 0.9997666
 0.9997666
 0.9997666
 0.9997666
 0.9997666
 0.9997666
 0.9997666
 0.9997666
 0.9997666
 0.9997666
 0.9997666
 0.9997666
 0.9997666
 0.9997666
 0.9997666
 0.9997666
 0.9997666
 0.9997666
 0.9997666
 0.9997666
 0.9997666
 0.9997666
 0.9997666
 0.9997666
 0.9997666
 0.9997666
 0.9997666
 0.9997666
 0.9997666
 0.9997666
 0.9997666
 0.9997666
 0.9997666
 0.9997666
 0.9997666
 0.9997666
 0.9997666
 0.9997666
 0.9997666
 0.9997666
 0.9997666
 0.9997666
 0.9997666
 0.9997666
 0.9997666
 0.9997666
 0.9997666
 0.9997666
 0.9997666
 0.9997666
 0.9997666
 0.9997666
 0.9997666
 0.9997666
 0.9997666
 0.9997666
 0.9997666
 0.9997666
 0.9997666
 0.9997666
 0.9997666
 0.9997666
 0.9997666
 0.9997666
 0.9997666
 0.9997666
 0.9997666
 0.9997666
 0.9997666
 0.9997666
 0.9997666
 0.9997666
 0.9997666
 0.9997666
 0.9997666
 0.9997666
 0.9997666
 0.9997666
 0.9997666
 0.9997666
 0.9997666
 0.9997666
 0.9997666
 0.9997666
 0.9997666
 0.9997666
 0.9997666
 0.9997666
 0.9997666
 0.9997666
 0.9997666
 0.9997666
 0.9997666
 0.9997666
 0.9997666
 0.9997666
 0.9997666
 0.9997666
 0.9997666
 0.9997666
 0.9997666
 0.9997666
 0.9997666
 0.9997666
 0.9997666
 0.9997666
 0.9997666
 0.9997666
 0.9997666
 0.9997666
 0.9997666
 0.9997666
 0.9997666
 0.9997666
 0.9997666
 0.9997666
 0.9997666
 0.9997666
 0.9997666
 0.9997666
 0.9997666
 0.9997666
 0.9997666
 0.9997666
 0.9997666
 0.9997666
 0.9997666
 0.9997666
 0.9997666
 0.9997666
 0.9997666
 0.9997666
 0.9997666
 0.9997666
 0.9997666
 0.9997666
 0.9997666
 0.9997666
 0.9997666
 0.9997666
 0.9997666
 0.9997666
 0.9997666
 0.9997666
 0.9997666
 0.9997666
 0.9997666
 0.9997666
 0.9997666
 0.9997666
 0.9997666
 0.9997666
 0.9997666
 0.9997666
 0.9997666
 0.9997666
 0.9997666
 0.9997666
 0.9997666
 0.9997666
 0.9997666
 0.9997666
 0.9997666
 0.9997666
 0.9997666
 0.9997666
 0.9997666
 0.9997666
 0.9997666
 0.9997666
 0.9997666
 0.9997666
 0.9997666
 0.9997666
 0.9997666
 0.9997666
 0.9997666
 0.9997666
 0.9997666
 0.9997666
 0.9997666
 0.9997666
 0.9997666
 0.9997666
 0.9997666
 0.9997666
 0.9997666
 0.9997666
 0.9997666
 0.9997666
 0.9997666
 0.9997666
 0.9997666
 0.9997666
 0.9997666
 0.9997666
 0.9997666
 0.9997666
 0.9997666
 0.9997666
 0.9997666
 0.9997666
 0.9997666
 0.9997666
 0.9997666
 0.9997666
 0.9997666
 0.9997666
 0.9997666
 0.9997666
 0.9997666
 0.9997666
 0.9997666
 0.9997666
 0.9997666
 0.9997666
 0.9997666
 0.9997666
 0.9997666
 0.9997666
 0.9997666
 0.9997666
 0.9997666
 0.9997666
 0.9997666
 0.9997666
 0.9997666
 0.9997666
 0.9997666
 0.9997666
 0.9997666
 0.9997666
 0.9997666
 0.9997666
 0.9997666
 0.9997666
 0.9997666
 0.9997666
 0.9997666
 0.9997666
 0.9997666
 0.9997666
 0.9997666
 0.9997666
 0.9997666
 0.9997666
 0.9997666
 0.9997666
 0.9997666
 0.9997666
 0.9997666
 0.9997666
 0.9997666
 0.9997666
 0.9997666
 0.9997666
 0.9997666
 0.9997666
 0.9997666
 0.9997666
 0.9997666
 0.9997666
 0.9997666
 0.9997666
 0.9997666
 0.9997666
 0.9997666
 0.9997666
 0.9997666
 0.9997666
 0.9997666
 0.9997666
 0.9997666
 0.9997666
 0.9997666
 0.9997666
 0.9997666
 0.9997666
 0.9997666
 0.9997666
 0.9997666
 0.9997666
 0.9997666
 0.9997666
 0.9997666
 0.9997666
 0.9997666
 0.9997666
 0.9997666
 0.9997666
 0.9997666
 0.9997666
 0.9997666
 0.9997666
 0.9997666
 0.9997666
 0.9997666
 0.9997666
 0.9997666
 0.9997666
 0.9997666
 0.9997666
 0.9997666
 0.9997666
 0.9997666
 0.9997666
 0.9997666
 0.9997666
 0.9997666
 0.9997666
 0.9997666
 0.9997666
 0.9997666
 0.9997666
 0.9997666
 0.9997666
 0.9997666
 0.9997666
 0.9997666
 0.9997666
 0.9997666
 0.9997666
 0.9997666
 0.9997666
 0.9997666
 0.9997666
 0.9997666
 0.9997666
 0.9997666
 0.9997666
 0.9997666
 0.9997666
 0.9997666
 0.9997666
 0.9997666
 0.9997666
 0.9997666
 0.9997666
 0.9997666
 0.9997666
 0.9997666
 0.9997666
 0.9997666
 0.9997666
 0.9997666
 0.9997666
 0.9997666
 0.9997666
 0.9997666
 0.9997666
 0.9997666
 0.9997666
 0.9997666
 0.9997666
 0.9997666
 0.9997666
 0.9997666
 0.9997666
 0.9997666
 0.9997666
 0.9997666
 0.9997666
 0.9997666
 0.9997666
 0.9997666
 0.9997666
 0.9997666
 0.9997666
 0.9997666
 0.9997666
 0.9997666
 0.9997666
 0.9997666
 0.9997666
 0.9997666
 0.9997666
 0.9997666
 0.9997666
 0.9997666
 0.9997666
 0.9997666
 0.9997666
 0.9997666
 0.9997666
 0.9997666
 0.9997666
 0.9997666
 0.9997666
 0.9997666
 0.9997666
 0.9997666
 0.9997666
 0.9997666
 0.9997666
 0.9997666
 0.9997666
 0.9997666
 0.9997666
 0.9997666
 0.9997666
 0.9997666
 0.9997666
 0.9997666
 0.9997666
 0.9997666
 0.9997666
 0.9997666
 0.9997666
 0.9997666
 0.9997666
 0.9997666
 0.9997666
 0.9997666
 0.9997666
 0.9997666
 0.9997666
 0.9997666
 0.9997666
 0.9997666
 0.9997666
 0.9997666
 0.9997666
 0.9997666
 0.9997666
 0.9997666
 0.9997666
 0.9997666
 1.0000000
 1.0000000
 1.0000000
 1.0000000
 1.0000000
 1.0000000
 1.0000000
 1.0000000
 1.0000000
 1.0000000
 1.0000000
 1.0000000
 1.0000000
 1.0000000
 1.0000000
 1.0000000
 1.0000000
 1.0000000
 1.0000000
 1.0000000
 1.0000000
 1.0000000
 1.0000000
 1.0000000
 1.0000000
 1.0000000
 1.0000000
 1.0000000
 1.0000000
 1.0000000
 1.0000000
 1.0000000
 1.0000000
 1.0000000
 1.0000000
 1.0000000
 1.0000000
 1.0000000
 1.0000000
 1.0000000
 1.0000000
 1.0000000
 1.0000000
 1.0000000
 1.0000000
 1.0000000
 1.0000000
 1.0000000
 1.0000000
 1.0000000
 1.0000000
 1.0000000
 1.0000000
 1.0000000
 1.0000000
 1.0000000
 1.0000000
 1.0000000
 1.0000000
 1.0000000
 1.0000000
 1.0000000
 1.0000000
 1.0000000
 1.0000000
 1.0000000
 1.0000000
 1.0000000
 1.0000000
 1.0000000
 1.0000000
 1.0000000
 1.0000000
 1.0000000
 1.0000000
 1.0000000
 1.0000000
 1.0000000
 1.0000000
 1.0000000
 1.0000000
 1.0000000
 1.0000000
 1.0000000
 1.0000000
 1.0000000
 1.0000000
 1.0000000
 1.0000000
 1.0000000
 1.0000000
 1.0000000
 1.0000000
 1.0000000
 1.0000000
 1.0000000
 1.0000000
 1.0000000
 1.0000000
 1.0000000
 1.0000000
 1.0000000
 1.0000000
 1.0000000
 1.0000000
 1.0000000
 1.0000000
 1.0000000
 1.0000000
 1.0000000
 1.0000000
 1.0000000
 1.0000000
 1.0000000
 1.0000000
 1.0000000
 1.0000000
 1.0000000
 1.0000000
 1.0000000
 1.0000000
 1.0000000
 1.0000000
 1.0000000
 1.0000000
 1.0000000
 1.0000000
 1.0000000
 1.0000000
 1.0000000
 1.0000000
 1.0000000
 1.0000000
 1.0000000
 1.0000000
 1.0000000
 1.0000000
 1.0000000
 1.0000000
 1.0000000
 1.0000000
 1.0000000
 1.0000000
 1.0000000
 1.0000000
 1.0000000
 1.0000000
 1.0000000
 1.0000000
 1.0000000
 1.0000000
 1.0000000
 1.0000000
 1.0000000
 1.0000000
 1.0000000
 1.0000000
 1.0000000
 1.0000000
 1.0000000
 1.0000000
 1.0000000
 1.0000000
 1.0000000
 1.0000000
 1.0000000
 1.0000000
 1.0000000
 1.0000000
 1.0000000
 1.0000000
 1.0000000
 1.0000000
 1.0000000
 1.0000000
 1.0000000
 1.0000000
 1.0000000
 1.0000000
 1.0000000
 1.0000000
 1.0000000
 1.0000000
 1.0000000
 1.0000000
 1.0000000
 1.0000000
 1.0000000
 1.0000000
 1.0000000
 1.0000000
 1.0000000
 1.0000000
 1.0000000
 1.0000000
 1.0000000
 1.0000000
 1.0000000
 1.0000000
 1.0000000
 1.0000000
 1.0000000
 1.0000000
 1.0000000
 1.0000000
 1.0000000
 1.0000000
 1.0000000
 1.0000000
 1.0000000
 1.0000000
 1.0000000
 1.0000000
 1.0000000
 1.0000000
 1.0000000
 1.0000000
 1.0000000
 1.0000000
 1.0000000
 1.0000000
 1.0000000
 1.0000000
 1.0000000
 1.0000000
 1.0000000
 1.0000000
 1.0000000
 1.0000000
 1.0000000
 1.0000000
 1.0000000
 1.0000000
 1.0000000
 1.0000000
 1.0000000
 1.0000000
 1.0000000
 1.0000000
 1.0000000
 1.0000000
 1.0000000
 1.0000000
 1.0000000
 1.0000000
 1.0000000
 1.0000000
 1.0000000
 1.0000000
 1.0000000
 1.0000000
 1.0000000
 1.0000000
 1.0000000
 1.0000000
 1.0000000
 1.0000000
 1.0000000
 1.0000000
 1.0000000
 1.0000000
 1.0000000
 1.0000000
 1.0000000
 1.0000000
 1.0000000
 1.0000000
 1.0000000
 1.0000000
 1.0000000
 1.0000000
 1.0000000
 1.0000000
 1.0000000
 1.0000000
 1.0000000
 1.0000000
 1.0000000
 1.0000000
 1.0000000
 1.0000000
 1.0000000
 1.0000000
 1.0000000
 1.0000000
 1.0000000
 1.0000000
 1.0000000
 1.0000000
 1.0000000
 1.0000000
 1.0000000
 1.0000000
 1.0000000
 1.0000000
 1.0000000
 1.0000000
 1.0000000
 1.0000000
 1.0000000
 1.0000000
 1.0000000
 1.0000000
 1.0000000
 1.0000000
 1.0000000
 1.0000000
 1.0000000
 1.0000000
 1.0000000
 1.0000000
 1.0000000
 1.0000000
 1.0000000
 1.0000000
 1.0000000
 1.0000000
 1.0000000
 1.0000000
 1.0000000
 1.0000000
 1.0000000
 1.0000000
 1.0000000
 1.0000000
 1.0000000
 1.0000000
 1.0000000
 1.0000000
 1.0000000
 1.0000000
 1.0000000
 1.0000000
 1.0000000
 1.0000000
 1.0000000
 1.0000000
 1.0000000
 1.0000000
 1.0000000
 1.0000000
 1.0000000
 1.0000000
 1.0000000
 1.0000000
 1.0000000
 1.0000000
 1.0000000
 1.0000000
 1.0000000
 1.0000000
 1.0000000
 1.0000000
 1.0000000
 1.0000000
 1.0000000
 1.0000000
 1.0000000
 1.0000000
 1.0000000
 1.0000000
 1.0000000
 1.0000000
 1.0000000
 1.0000000
 1.0000000
 1.0000000
 1.0000000
 1.0000000
 1.0000000
 1.0000000
 1.0000000
 1.0000000
 1.0000000
 1.0000000
 1.0000000
 1.0000000
 1.0000000
 1.0000000
 1.0000000
 1.0000000
 1.0000000
 1.0000000
 1.0000000
 1.0000000
 1.0000000
 1.0000000
 1.0000000
 1.0000000
 1.0000000
 1.0000000
 1.0000000
 1.0000000
 1.0000000
 1.0000000
 1.0000000
 1.0000000
 1.0000000
 1.0000000
 1.0000000
 1.0000000
 1.0000000
 1.0000000
 1.0000000
 1.0000000
 1.0000000
 1.0000000
 1.0000000
 1.0000000
 1.0000000
 1.0000000
 1.0000000
 1.0000000
 1.0000000
 1.0000000
 1.0000000
 1.0000000
 1.0000000
 1.0000000
 1.0000000
 1.0000000
 1.0000000
 1.0000000
 1.0000000
 1.0000000
 1.0000000
 1.0000000
 1.0000000
 1.0000000
 1.0000000
 1.0000000
 1.0000000
 1.0000000
 1.0000000
 1.0000000
 1.0000000
 1.0000000
 1.0000000
 1.0000000
 1.0000000
 1.0000000
 1.0000000
 1.0000000
 1.0000000
 1.0000000
 1.0000000
 1.0000000
 1.0000000
 1.0000000
 1.0000000
 1.0000000
 1.0000000
 1.0000000
 1.0000000
 1.0000000
 1.0000000
 1.0000000
 1.0000000
 1.0000000
 1.0000000
 1.0000000
 1.0000000
 1.0000000
 1.0000000
 1.0000000
 1.0000000
 1.0000000
 1.0000000
 1.0000000
 1.0000000
 1.0000000
 1.0000000
 1.0000000
 1.0000000
 1.0000000
 1.0000000
 1.0000000
 1.0000000
 1.0000000
 1.0000000
 1.0000000
 1.0000000
 1.0000000
 1.0000000
 1.0000000
 1.0000000
 1.0000000
 1.0000000
 1.0000000
 1.0000000
 1.0000000
 1.0000000
 1.0000000
 1.0000000
 1.0000000
 1.0000000
 1.0000000
 1.0000000
 1.0000000
 1.0000000
 1.0000000
 1.0000000
 1.0000000
 1.0000000
 1.0000000
 1.0000000
 1.0000000
 1.0000000
 1.0000000
 1.0000000
 1.0000000
 1.0000000
 1.0000000
 1.0000000
 1.0000000
 1.0000000
 1.0000000
 1.0000000
 1.0000000
 1.0000000
 1.0000000
 1.0000000
 1.0000000
 1.0000000
 1.0000000
 1.0000000
 1.0000000
 1.0000000
 1.0000000
 1.0000000
 1.0000000
 1.0000000
 1.0000000
 1.0000000
 1.0000000
 1.0000000
 1.0000000
 1.0000000
 1.0000000
 1.0000000
 1.0000000
 1.0000000
 1.0000000
 1.0000000
 1.0000000
 1.0000000
 1.0000000
 1.0000000
 1.0000000
 1.0000000
 1.0000000
 1.0000000
 1.0000000
 1.0000000
 1.0000000
 1.0000000
 1.0000000
 1.0000000
 1.0000000
 1.0000000
 1.0000000
 1.0000000
 1.0000000
 1.0000000
 1.0000000
 1.0000000
 1.0000000
 1.0000000
 1.0000000
 1.0000000
 1.0000000
 1.0000000
 1.0000000
 1.0000000
 1.0000000
 1.0000000
 1.0000000
 1.0000000
 1.0000000
 1.0000000
 1.0000000
 1.0000000
 1.0000000
 1.0000000
 1.0000000
 1.0000000
 1.0000000
 1.0000000
 1.0000000
 1.0000000
 1.0000000
 1.0000000
 1.0000000
 1.0000000
 1.0000000
 1.0000000
 1.0000000
 1.0000000
 1.0000000
 1.0000000
 1.0000000
 1.0000000
 1.0000000
 1.0000000
 1.0000000
 1.0000000
 1.0000000
 1.0000000
 1.0000000
 1.0000000
 1.0000000
 1.0000000
 1.0000000
 1.0000000
 1.0000000
 1.0000000
 1.0000000
 1.0000000
 1.0000000
 1.0000000
 1.0000000
 1.0000000
 1.0000000
 1.0000000
 1.0000000
 1.0000000
 1.0000000
 1.0000000
 1.0000000
 1.0000000
 1.0000000
 1.0000000
 1.0000000
 1.0000000
 1.0000000
 1.0000000
 1.0000000
 1.0000000
 1.0000000
 1.0000000
 1.0000000
 1.0000000
 1.0000000
 1.0000000
 1.0000000
 1.0000000
 1.0000000
 1.0000000
 1.0000000
 1.0000000
 1.0000000
 1.0000000
 1.0000000
 1.0000000
 1.0000000
 1.0000000
 1.0000000
 1.0000000
 1.0000000
 1.0000000
 1.0000000
 1.0000000
 1.0000000
 1.0000000
 1.0000000
 1.0000000
 1.0000000
 1.0000000
 1.0000000
 1.0000000
 1.0000000
 1.0000000
 1.0000000
 1.0000000
 1.0000000
 1.0000000
 1.0000000
 1.0000000
 1.0000000
 1.0000000
 1.0000000
 1.0000000
 1.0000000
 1.0000000
 1.0000000
 1.0000000
 1.0000000
 1.0000000
 1.0000000
 1.0000000
 1.0000000
 1.0000000
 1.0000000
 1.0000000
 1.0000000
 1.0000000
 1.0000000
 1.0000000
 1.0000000
 1.0000000
 1.0000000
 1.0000000
 1.0000000
 1.0000000
 1.0000000
 1.0000000
 1.0000000
 1.0000000
 1.0000000
 1.0000000
 1.0000000
 1.0000000
 1.0000000
 1.0000000
 1.0000000
 1.0000000
 1.0000000
 1.0000000
 1.0000000
 1.0000000
 1.0000000
 1.0000000
 1.0000000
 1.0000000
 1.0000000
 1.0000000
 1.0000000
 1.0000000
 1.0000000
 1.0000000
 1.0000000
 1.0000000
 1.0000000
 1.0000000
 1.0000000
 1.0000000
 1.0000000
 1.0000000
 1.0000000
 1.0000000
 1.0000000
 1.0000000
 1.0000000
 1.0000000
 1.0000000
 1.0000000
 1.0000000
 1.0000000
 1.0000000
 1.0000000
 1.0000000
 1.0000000
 1.0000000
 1.0000000
 1.0000000
 1.0000000
 1.0000000
 1.0000000
 1.0000000
 1.0000000
 1.0000000
 1.0000000
 1.0000000
 1.0000000
 1.0000000
 1.0000000
 1.0000000
 1.0000000
 1.0000000
 1.0000000
 1.0000000
 1.0000000
 1.0000000
 1.0000000
 1.0000000
 1.0000000
 1.0000000
 1.0000000
 1.0000000
 1.0000000
 1.0000000
 1.0000000
 1.0000000
 1.0000000
 1.0000000
 1.0000000
 1.0000000
 1.0000000
 1.0000000
 1.0000000
 1.0000000
 1.0000000
 1.0000000
 1.0000000
 1.0000000
 1.0000000
 1.0000000
 1.0000000
 1.0000000
 1.0000000
 1.0000000
 1.0000000
 1.0000000
 1.0000000
 1.0000000
 1.0000000
 1.0000000
 1.0000000
 1.0000000
 1.0000000
 1.0000000
 1.0000000
 1.0000000
 1.0000000
 1.0000000
 1.0000000
 1.0000000
 1.0000000
 1.0000000
 1.0000000
 1.0000000
 1.0000000
 1.0000000
 1.0000000
 1.0000000
 1.0000000
 1.0000000
 1.0000000
 1.0000000
 1.0000000
 1.0000000
 1.0000000
 1.0000000
 1.0000000
 1.0000000
 1.0000000
 1.0000000
 1.0000000
 1.0000000
 1.0000000
 1.0000000
 1.0000000
 1.0000000
 1.0000000
 1.0000000
 1.0000000
 1.0000000
 1.0000000
 1.0000000
 1.0000000
 1.0000000
 1.0000000
 1.0000000
 1.0000000
 1.0000000
 1.0000000
 1.0000000
 1.0000000
 1.0000000
 1.0000000
 1.0000000
 1.0000000
 1.0000000
 1.0000000
 1.0000000
 1.0000000
 1.0000000
 1.0000000
 1.0000000
 1.0000000
 1.0000000
 1.0000000
 1.0000000
 1.0000000
 1.0000000
 1.0000000
 1.0000000
 1.0000000
 1.0000000
 1.0000000
 1.0000000
 1.0000000
 1.0000000
 1.0000000
 1.0000000
 1.0000000
 1.0000000
 1.0000000
 1.0000000
 1.0000000
 1.0000000
 1.0000000
 1.0000000
 1.0000000
 1.0000000
 1.0000000
 1.0000000
 1.0000000
