 0.0000000
 0.0000000
 0.0000000
 0.0000000
 0.0000000
 0.0000000
 0.0000000
 0.0000000
 0.0000000
 0.0000000
 0.0000000
 0.0000000
 0.0000000
 0.0000000
 0.0000000
 0.0000000
 0.0000000
 0.0000000
 0.0000000
 0.0000000
 0.0000000
 0.0000000
 0.0000000
 0.0000000
 0.0000000
 0.0000000
 0.0000000
 0.0000000
 0.0000000
 0.0000000
 0.0000000
 0.0000000
 0.0000000
 0.0000000
 0.0000000
 0.0000000
 0.1092437
 0.1111111
 0.4668534
 0.4677871
 0.4939309
 0.5004669
 0.7675070
 0.7759104
 0.7875817
 0.7978525
 0.8085901
 0.8085901
 0.8230626
 0.8235294
 0.8267974
 0.8272642
 0.8328665
 0.8333333
 0.8403361
 0.8431373
 0.8557423
 0.8580766
 0.8702148
 0.8800187
 0.8842204
 0.8888889
 0.8898226
 0.8977591
 0.8982260
 0.9010271
 0.9024276
 0.9056956
 0.9061625
 0.9080299
 0.9080299
 0.9103641
 0.9122316
 0.9145658
 0.9154995
 0.9178338
 0.9178338
 0.9239029
 0.9239029
 0.9313725
 0.9313725
 0.9393091
 0.9393091
 0.9430439
 0.9435107
 0.9449113
 0.9453782
 0.9715219
 0.9715219
 0.9845938
 0.9845938
 0.9915966
 0.9915966
 0.9925303
 0.9925303
 0.9929972
 0.9929972
 0.9934641
 0.9934641
 0.9953315
 0.9953315
 0.9957983
 0.9957983
 0.9957983
 0.9957983
 0.9957983
 0.9957983
 0.9962652
 0.9962652
 0.9962652
 0.9962652
 0.9962652
 0.9962652
 0.9967320
 0.9967320
 0.9967320
 0.9967320
 0.9967320
 0.9967320
 0.9971989
 0.9971989
 0.9971989
 0.9971989
 0.9976657
 0.9976657
 0.9976657
 0.9976657
 0.9976657
 0.9976657
 0.9976657
 0.9976657
 0.9976657
 0.9976657
 0.9976657
 0.9976657
 0.9976657
 0.9976657
 0.9976657
 0.9976657
 0.9976657
 0.9976657
 0.9976657
 0.9976657
 0.9976657
 0.9976657
 0.9976657
 0.9976657
 0.9976657
 0.9976657
 0.9976657
 0.9976657
 0.9976657
 0.9976657
 0.9976657
 0.9976657
 0.9976657
 0.9976657
 0.9976657
 0.9976657
 0.9976657
 0.9976657
 0.9976657
 0.9976657
 0.9976657
 0.9976657
 0.9976657
 0.9976657
 0.9976657
 0.9976657
 0.9976657
 0.9976657
 0.9976657
 0.9976657
 0.9976657
 0.9976657
 0.9976657
 0.9976657
 0.9976657
 0.9976657
 0.9976657
 0.9976657
 0.9976657
 0.9976657
 0.9976657
 0.9976657
 0.9976657
 0.9976657
 0.9976657
 0.9976657
 0.9976657
 0.9976657
 0.9976657
 0.9976657
 0.9976657
 0.9976657
 0.9976657
 0.9976657
 0.9976657
 0.9976657
 0.9976657
 0.9976657
 0.9981326
 0.9981326
 0.9981326
 0.9981326
 0.9981326
 0.9981326
 0.9981326
 0.9981326
 0.9985994
 0.9985994
 0.9985994
 0.9985994
 0.9985994
 0.9985994
 0.9985994
 0.9985994
 0.9985994
 0.9985994
 0.9985994
 0.9985994
 0.9985994
 0.9985994
 0.9985994
 0.9985994
 0.9985994
 0.9985994
 0.9985994
 0.9985994
 0.9985994
 0.9985994
 0.9985994
 0.9985994
 0.9985994
 0.9985994
 0.9985994
 0.9985994
 0.9985994
 0.9985994
 0.9985994
 0.9985994
 0.9985994
 0.9985994
 0.9985994
 0.9985994
 0.9985994
 0.9985994
 0.9985994
 0.9985994
 0.9985994
 0.9985994
 0.9985994
 0.9985994
 0.9985994
 0.9985994
 0.9985994
 0.9985994
 0.9985994
 0.9985994
 0.9985994
 0.9985994
 0.9985994
 0.9985994
 0.9985994
 0.9985994
 0.9985994
 0.9985994
 0.9985994
 0.9985994
 0.9985994
 0.9985994
 0.9985994
 0.9985994
 0.9985994
 0.9985994
 0.9985994
 0.9985994
 0.9985994
 0.9985994
 0.9985994
 0.9985994
 0.9985994
 0.9985994
 0.9985994
 0.9985994
 0.9985994
 0.9985994
 0.9985994
 0.9985994
 0.9985994
 0.9985994
 0.9985994
 0.9985994
 0.9985994
 0.9985994
 0.9985994
 0.9985994
 0.9985994
 0.9985994
 0.9985994
 0.9985994
 0.9985994
 0.9985994
 0.9985994
 0.9985994
 0.9985994
 0.9985994
 0.9985994
 0.9985994
 0.9985994
 0.9985994
 0.9985994
 0.9985994
 0.9985994
 0.9985994
 0.9985994
 0.9985994
 0.9985994
 0.9985994
 0.9985994
 0.9985994
 0.9985994
 0.9985994
 0.9985994
 0.9985994
 0.9985994
 0.9985994
 0.9985994
 0.9985994
 0.9985994
 0.9985994
 0.9985994
 0.9985994
 0.9985994
 0.9985994
 0.9985994
 0.9985994
 0.9985994
 0.9985994
 0.9985994
 0.9985994
 0.9985994
 0.9985994
 0.9985994
 0.9985994
 0.9985994
 0.9985994
 0.9985994
 0.9985994
 0.9985994
 0.9985994
 0.9985994
 0.9985994
 0.9985994
 0.9985994
 0.9985994
 0.9985994
 0.9985994
 0.9985994
 0.9985994
 0.9985994
 0.9985994
 0.9985994
 0.9985994
 0.9985994
 0.9985994
 0.9985994
 0.9985994
 0.9985994
 0.9985994
 0.9985994
 0.9985994
 0.9985994
 0.9985994
 0.9985994
 0.9985994
 0.9985994
 0.9985994
 0.9985994
 0.9985994
 0.9985994
 0.9985994
 0.9985994
 0.9985994
 0.9985994
 0.9985994
 0.9985994
 0.9985994
 0.9985994
 0.9985994
 0.9985994
 0.9985994
 0.9985994
 0.9985994
 0.9985994
 0.9985994
 0.9985994
 0.9985994
 0.9985994
 0.9985994
 0.9985994
 0.9985994
 0.9985994
 0.9985994
 0.9985994
 0.9985994
 0.9985994
 0.9985994
 0.9985994
 0.9985994
 0.9985994
 0.9985994
 0.9985994
 0.9985994
 0.9985994
 0.9985994
 0.9985994
 0.9985994
 0.9985994
 0.9985994
 0.9985994
 0.9985994
 0.9985994
 0.9985994
 0.9985994
 0.9985994
 0.9985994
 0.9985994
 0.9985994
 0.9985994
 0.9985994
 0.9985994
 0.9985994
 0.9985994
 0.9985994
 0.9985994
 0.9985994
 0.9985994
 0.9985994
 0.9990663
 0.9990663
 0.9990663
 0.9990663
 0.9990663
 0.9990663
 0.9990663
 0.9990663
 0.9990663
 0.9990663
 0.9990663
 0.9990663
 0.9990663
 0.9990663
 0.9990663
 0.9990663
 0.9990663
 0.9990663
 0.9990663
 0.9990663
 0.9990663
 0.9990663
 0.9990663
 0.9990663
 0.9990663
 0.9990663
 0.9990663
 0.9990663
 0.9990663
 0.9990663
 0.9990663
 0.9990663
 0.9990663
 0.9990663
 0.9990663
 0.9990663
 0.9990663
 0.9990663
 0.9990663
 0.9990663
 0.9990663
 0.9990663
 0.9990663
 0.9990663
 0.9990663
 0.9990663
 0.9990663
 0.9990663
 0.9990663
 0.9990663
 0.9990663
 0.9990663
 0.9990663
 0.9990663
 0.9990663
 0.9990663
 0.9990663
 0.9990663
 0.9990663
 0.9990663
 0.9990663
 0.9990663
 0.9990663
 0.9990663
 0.9990663
 0.9990663
 0.9990663
 0.9990663
 0.9990663
 0.9990663
 0.9990663
 0.9990663
 0.9990663
 0.9990663
 0.9990663
 0.9990663
 0.9990663
 0.9990663
 0.9990663
 0.9990663
 0.9990663
 0.9990663
 0.9990663
 0.9990663
 0.9990663
 0.9990663
 0.9990663
 0.9990663
 0.9990663
 0.9990663
 0.9990663
 0.9990663
 0.9990663
 0.9990663
 0.9990663
 0.9990663
 0.9990663
 0.9990663
 0.9990663
 0.9990663
 0.9990663
 0.9990663
 0.9990663
 0.9990663
 0.9990663
 0.9990663
 0.9990663
 0.9990663
 0.9990663
 0.9990663
 0.9990663
 0.9990663
 0.9990663
 0.9990663
 0.9990663
 0.9990663
 0.9990663
 0.9990663
 0.9990663
 0.9990663
 0.9990663
 0.9990663
 0.9990663
 0.9990663
 0.9990663
 0.9990663
 0.9990663
 0.9990663
 0.9990663
 0.9990663
 0.9990663
 0.9990663
 0.9990663
 0.9990663
 0.9990663
 0.9990663
 0.9990663
 0.9990663
 0.9990663
 0.9990663
 0.9990663
 0.9990663
 0.9990663
 0.9990663
 0.9990663
 0.9990663
 0.9990663
 0.9990663
 0.9990663
 0.9990663
 0.9990663
 0.9990663
 0.9990663
 0.9990663
 0.9990663
 0.9990663
 0.9990663
 0.9990663
 0.9990663
 0.9990663
 0.9990663
 0.9990663
 0.9990663
 0.9990663
 0.9990663
 0.9990663
 0.9990663
 0.9990663
 0.9990663
 0.9990663
 0.9990663
 0.9990663
 0.9990663
 0.9990663
 0.9990663
 0.9990663
 0.9990663
 0.9990663
 0.9990663
 0.9990663
 0.9990663
 0.9990663
 0.9990663
 0.9990663
 0.9990663
 0.9990663
 0.9990663
 0.9990663
 0.9990663
 0.9990663
 0.9990663
 0.9990663
 0.9990663
 0.9990663
 0.9990663
 0.9990663
 0.9990663
 0.9990663
 0.9990663
 0.9990663
 0.9990663
 0.9990663
 0.9990663
 0.9990663
 0.9990663
 0.9990663
 0.9990663
 0.9990663
 0.9990663
 0.9990663
 0.9990663
 0.9990663
 0.9990663
 0.9990663
 0.9990663
 0.9990663
 0.9990663
 0.9990663
 0.9990663
 0.9990663
 0.9990663
 0.9990663
 0.9990663
 0.9990663
 0.9990663
 0.9990663
 0.9990663
 0.9990663
 0.9990663
 0.9990663
 0.9990663
 0.9990663
 0.9990663
 0.9990663
 0.9990663
 0.9990663
 0.9990663
 0.9990663
 0.9990663
 0.9990663
 0.9990663
 0.9990663
 0.9990663
 0.9990663
 0.9990663
 0.9990663
 0.9990663
 0.9990663
 0.9990663
 0.9990663
 0.9990663
 0.9990663
 0.9990663
 0.9990663
 0.9990663
 0.9990663
 0.9990663
 0.9990663
 0.9990663
 0.9990663
 0.9990663
 0.9990663
 0.9990663
 0.9990663
 0.9990663
 0.9990663
 0.9990663
 0.9990663
 0.9990663
 0.9990663
 0.9990663
 0.9990663
 0.9990663
 0.9990663
 0.9990663
 0.9990663
 0.9990663
 0.9990663
 0.9990663
 0.9990663
 0.9990663
 0.9990663
 0.9990663
 0.9990663
 0.9990663
 0.9990663
 0.9990663
 0.9990663
 0.9995331
 0.9995331
 1.0000000
 1.0000000
 1.0000000
 1.0000000
 1.0000000
 1.0000000
 1.0000000
 1.0000000
 1.0000000
 1.0000000
 1.0000000
 1.0000000
 1.0000000
 1.0000000
 1.0000000
 1.0000000
 1.0000000
 1.0000000
 1.0000000
 1.0000000
 1.0000000
 1.0000000
 1.0000000
 1.0000000
 1.0000000
 1.0000000
 1.0000000
 1.0000000
 1.0000000
 1.0000000
 1.0000000
 1.0000000
 1.0000000
 1.0000000
 1.0000000
 1.0000000
 1.0000000
 1.0000000
 1.0000000
 1.0000000
 1.0000000
 1.0000000
 1.0000000
 1.0000000
 1.0000000
 1.0000000
 1.0000000
 1.0000000
 1.0000000
 1.0000000
 1.0000000
 1.0000000
 1.0000000
 1.0000000
 1.0000000
 1.0000000
 1.0000000
 1.0000000
 1.0000000
 1.0000000
 1.0000000
 1.0000000
 1.0000000
 1.0000000
 1.0000000
 1.0000000
 1.0000000
 1.0000000
 1.0000000
 1.0000000
 1.0000000
 1.0000000
 1.0000000
 1.0000000
 1.0000000
 1.0000000
 1.0000000
 1.0000000
 1.0000000
 1.0000000
 1.0000000
 1.0000000
 1.0000000
 1.0000000
 1.0000000
 1.0000000
 1.0000000
 1.0000000
 1.0000000
 1.0000000
 1.0000000
 1.0000000
 1.0000000
 1.0000000
 1.0000000
 1.0000000
 1.0000000
 1.0000000
 1.0000000
 1.0000000
 1.0000000
 1.0000000
 1.0000000
 1.0000000
 1.0000000
 1.0000000
 1.0000000
 1.0000000
 1.0000000
 1.0000000
 1.0000000
 1.0000000
 1.0000000
 1.0000000
 1.0000000
 1.0000000
 1.0000000
 1.0000000
 1.0000000
 1.0000000
 1.0000000
 1.0000000
 1.0000000
 1.0000000
 1.0000000
 1.0000000
 1.0000000
 1.0000000
 1.0000000
 1.0000000
 1.0000000
 1.0000000
 1.0000000
 1.0000000
 1.0000000
 1.0000000
 1.0000000
 1.0000000
 1.0000000
 1.0000000
 1.0000000
 1.0000000
 1.0000000
 1.0000000
 1.0000000
 1.0000000
 1.0000000
 1.0000000
 1.0000000
 1.0000000
 1.0000000
 1.0000000
 1.0000000
 1.0000000
 1.0000000
 1.0000000
 1.0000000
 1.0000000
 1.0000000
 1.0000000
 1.0000000
 1.0000000
 1.0000000
 1.0000000
 1.0000000
 1.0000000
 1.0000000
 1.0000000
 1.0000000
 1.0000000
 1.0000000
 1.0000000
 1.0000000
 1.0000000
 1.0000000
 1.0000000
 1.0000000
 1.0000000
 1.0000000
 1.0000000
 1.0000000
 1.0000000
 1.0000000
 1.0000000
 1.0000000
 1.0000000
 1.0000000
 1.0000000
 1.0000000
 1.0000000
 1.0000000
 1.0000000
 1.0000000
 1.0000000
 1.0000000
 1.0000000
 1.0000000
 1.0000000
 1.0000000
 1.0000000
 1.0000000
 1.0000000
 1.0000000
 1.0000000
 1.0000000
 1.0000000
 1.0000000
 1.0000000
 1.0000000
 1.0000000
 1.0000000
 1.0000000
 1.0000000
 1.0000000
 1.0000000
 1.0000000
 1.0000000
 1.0000000
 1.0000000
 1.0000000
 1.0000000
 1.0000000
 1.0000000
 1.0000000
 1.0000000
 1.0000000
 1.0000000
 1.0000000
 1.0000000
 1.0000000
 1.0000000
 1.0000000
 1.0000000
 1.0000000
 1.0000000
 1.0000000
 1.0000000
 1.0000000
 1.0000000
 1.0000000
 1.0000000
 1.0000000
 1.0000000
 1.0000000
 1.0000000
 1.0000000
 1.0000000
 1.0000000
 1.0000000
 1.0000000
 1.0000000
 1.0000000
 1.0000000
 1.0000000
 1.0000000
 1.0000000
 1.0000000
 1.0000000
 1.0000000
 1.0000000
 1.0000000
 1.0000000
 1.0000000
 1.0000000
 1.0000000
 1.0000000
 1.0000000
 1.0000000
 1.0000000
 1.0000000
 1.0000000
 1.0000000
 1.0000000
 1.0000000
 1.0000000
 1.0000000
 1.0000000
 1.0000000
 1.0000000
 1.0000000
 1.0000000
 1.0000000
 1.0000000
 1.0000000
 1.0000000
 1.0000000
 1.0000000
 1.0000000
 1.0000000
 1.0000000
 1.0000000
 1.0000000
 1.0000000
 1.0000000
 1.0000000
 1.0000000
 1.0000000
 1.0000000
 1.0000000
 1.0000000
 1.0000000
 1.0000000
 1.0000000
 1.0000000
 1.0000000
 1.0000000
 1.0000000
 1.0000000
 1.0000000
 1.0000000
 1.0000000
 1.0000000
 1.0000000
 1.0000000
 1.0000000
 1.0000000
 1.0000000
 1.0000000
 1.0000000
 1.0000000
 1.0000000
 1.0000000
 1.0000000
 1.0000000
 1.0000000
 1.0000000
 1.0000000
 1.0000000
 1.0000000
 1.0000000
 1.0000000
 1.0000000
 1.0000000
 1.0000000
 1.0000000
 1.0000000
 1.0000000
 1.0000000
 1.0000000
 1.0000000
 1.0000000
 1.0000000
 1.0000000
 1.0000000
 1.0000000
 1.0000000
 1.0000000
 1.0000000
 1.0000000
 1.0000000
 1.0000000
 1.0000000
 1.0000000
 1.0000000
 1.0000000
 1.0000000
 1.0000000
 1.0000000
 1.0000000
 1.0000000
 1.0000000
 1.0000000
 1.0000000
 1.0000000
 1.0000000
 1.0000000
 1.0000000
 1.0000000
 1.0000000
 1.0000000
 1.0000000
 1.0000000
 1.0000000
 1.0000000
 1.0000000
 1.0000000
 1.0000000
 1.0000000
 1.0000000
 1.0000000
 1.0000000
 1.0000000
 1.0000000
 1.0000000
 1.0000000
 1.0000000
 1.0000000
 1.0000000
 1.0000000
 1.0000000
 1.0000000
 1.0000000
 1.0000000
 1.0000000
 1.0000000
 1.0000000
 1.0000000
 1.0000000
 1.0000000
 1.0000000
 1.0000000
 1.0000000
 1.0000000
 1.0000000
 1.0000000
 1.0000000
 1.0000000
 1.0000000
 1.0000000
 1.0000000
 1.0000000
 1.0000000
 1.0000000
 1.0000000
 1.0000000
 1.0000000
 1.0000000
 1.0000000
 1.0000000
 1.0000000
 1.0000000
 1.0000000
 1.0000000
 1.0000000
 1.0000000
 1.0000000
 1.0000000
 1.0000000
 1.0000000
 1.0000000
 1.0000000
 1.0000000
 1.0000000
 1.0000000
 1.0000000
 1.0000000
 1.0000000
 1.0000000
 1.0000000
 1.0000000
 1.0000000
 1.0000000
 1.0000000
 1.0000000
 1.0000000
 1.0000000
 1.0000000
 1.0000000
 1.0000000
 1.0000000
 1.0000000
 1.0000000
 1.0000000
 1.0000000
 1.0000000
 1.0000000
 1.0000000
 1.0000000
 1.0000000
 1.0000000
 1.0000000
 1.0000000
 1.0000000
 1.0000000
 1.0000000
 1.0000000
 1.0000000
 1.0000000
 1.0000000
 1.0000000
 1.0000000
 1.0000000
 1.0000000
 1.0000000
 1.0000000
 1.0000000
 1.0000000
 1.0000000
 1.0000000
 1.0000000
 1.0000000
 1.0000000
 1.0000000
 1.0000000
 1.0000000
 1.0000000
 1.0000000
 1.0000000
 1.0000000
 1.0000000
 1.0000000
 1.0000000
 1.0000000
 1.0000000
 1.0000000
 1.0000000
 1.0000000
 1.0000000
 1.0000000
 1.0000000
 1.0000000
 1.0000000
 1.0000000
 1.0000000
 1.0000000
 1.0000000
 1.0000000
 1.0000000
 1.0000000
 1.0000000
 1.0000000
 1.0000000
 1.0000000
 1.0000000
 1.0000000
 1.0000000
 1.0000000
 1.0000000
 1.0000000
 1.0000000
 1.0000000
 1.0000000
 1.0000000
 1.0000000
 1.0000000
 1.0000000
 1.0000000
 1.0000000
 1.0000000
 1.0000000
 1.0000000
 1.0000000
 1.0000000
 1.0000000
 1.0000000
 1.0000000
 1.0000000
 1.0000000
 1.0000000
 1.0000000
 1.0000000
 1.0000000
 1.0000000
 1.0000000
 1.0000000
 1.0000000
 1.0000000
 1.0000000
 1.0000000
 1.0000000
 1.0000000
 1.0000000
 1.0000000
 1.0000000
 1.0000000
 1.0000000
 1.0000000
 1.0000000
 1.0000000
 1.0000000
 1.0000000
 1.0000000
 1.0000000
 1.0000000
 1.0000000
 1.0000000
 1.0000000
 1.0000000
 1.0000000
 1.0000000
 1.0000000
 1.0000000
 1.0000000
 1.0000000
 1.0000000
 1.0000000
 1.0000000
 1.0000000
 1.0000000
 1.0000000
 1.0000000
 1.0000000
 1.0000000
 1.0000000
 1.0000000
 1.0000000
 1.0000000
 1.0000000
 1.0000000
 1.0000000
 1.0000000
 1.0000000
 1.0000000
 1.0000000
 1.0000000
 1.0000000
 1.0000000
 1.0000000
 1.0000000
 1.0000000
 1.0000000
 1.0000000
 1.0000000
 1.0000000
 1.0000000
 1.0000000
 1.0000000
 1.0000000
 1.0000000
 1.0000000
 1.0000000
 1.0000000
 1.0000000
 1.0000000
 1.0000000
 1.0000000
 1.0000000
 1.0000000
 1.0000000
 1.0000000
 1.0000000
 1.0000000
 1.0000000
 1.0000000
 1.0000000
 1.0000000
 1.0000000
 1.0000000
 1.0000000
 1.0000000
 1.0000000
 1.0000000
 1.0000000
 1.0000000
 1.0000000
 1.0000000
 1.0000000
 1.0000000
 1.0000000
 1.0000000
 1.0000000
 1.0000000
 1.0000000
 1.0000000
 1.0000000
 1.0000000
 1.0000000
 1.0000000
 1.0000000
 1.0000000
 1.0000000
 1.0000000
 1.0000000
 1.0000000
 1.0000000
 1.0000000
 1.0000000
 1.0000000
 1.0000000
 1.0000000
 1.0000000
 1.0000000
 1.0000000
 1.0000000
 1.0000000
 1.0000000
 1.0000000
 1.0000000
 1.0000000
 1.0000000
 1.0000000
 1.0000000
 1.0000000
 1.0000000
 1.0000000
 1.0000000
 1.0000000
 1.0000000
 1.0000000
 1.0000000
 1.0000000
 1.0000000
 1.0000000
 1.0000000
 1.0000000
 1.0000000
 1.0000000
 1.0000000
 1.0000000
 1.0000000
 1.0000000
 1.0000000
 1.0000000
 1.0000000
 1.0000000
 1.0000000
 1.0000000
 1.0000000
 1.0000000
 1.0000000
 1.0000000
 1.0000000
 1.0000000
 1.0000000
 1.0000000
 1.0000000
 1.0000000
 1.0000000
