 0.0000000
 0.0000000
 0.0000000
 0.0000000
 0.0000000
 0.0000000
 0.0000000
 0.0000000
 0.0000000
 0.0000000
 0.0000000
 0.0000000
 0.0000000
 0.0000000
 0.0000000
 0.0000000
 0.0000000
 0.0000000
 0.0000000
 0.0000000
 0.0000000
 0.0000000
 0.0000000
 0.0000000
 0.0000000
 0.0000000
 0.0000000
 0.0000000
 0.0000389
 0.0000389
 0.0000389
 0.0000389
 0.0000389
 0.0000389
 0.0003093
 0.0003093
 0.1105632
 0.1120906
 0.4612770
 0.4622029
 0.4883699
 0.4969502
 0.7617217
 0.7679082
 0.7819059
 0.7927819
 0.8022209
 0.8023869
 0.8169806
 0.8175408
 0.8214514
 0.8219182
 0.8286263
 0.8286963
 0.8357394
 0.8393439
 0.8531002
 0.8551511
 0.8668777
 0.8741873
 0.8785329
 0.8841974
 0.8851467
 0.8928889
 0.8931223
 0.8953337
 0.8967446
 0.9004704
 0.9019332
 0.9047281
 0.9049148
 0.9058796
 0.9071635
 0.9114838
 0.9123572
 0.9159909
 0.9161076
 0.9238632
 0.9245273
 0.9338644
 0.9338644
 0.9422833
 0.9424700
 0.9455124
 0.9460882
 0.9492498
 0.9495610
 0.9716840
 0.9718008
 0.9850451
 0.9851385
 0.9910831
 0.9910831
 0.9924681
 0.9924681
 0.9926548
 0.9926548
 0.9933318
 0.9934485
 0.9944756
 0.9944756
 0.9948646
 0.9948646
 0.9948646
 0.9948646
 0.9951914
 0.9951914
 0.9957905
 0.9957905
 0.9957905
 0.9957905
 0.9965764
 0.9965764
 0.9967320
 0.9967320
 0.9967320
 0.9967320
 0.9967320
 0.9967320
 0.9971522
 0.9971522
 0.9971522
 0.9971522
 0.9972689
 0.9972689
 0.9972689
 0.9972689
 0.9972689
 0.9972689
 0.9974790
 0.9974790
 0.9978992
 0.9978992
 0.9978992
 0.9978992
 0.9978992
 0.9978992
 0.9978992
 0.9978992
 0.9978992
 0.9978992
 0.9981326
 0.9981326
 0.9981326
 0.9981326
 0.9983193
 0.9983193
 0.9983193
 0.9983193
 0.9983193
 0.9983193
 0.9983193
 0.9983193
 0.9984360
 0.9984360
 0.9984360
 0.9984360
 0.9984360
 0.9984360
 0.9984360
 0.9984360
 0.9984360
 0.9984360
 0.9985294
 0.9985294
 0.9985294
 0.9985294
 0.9985294
 0.9985294
 0.9985294
 0.9985294
 0.9985294
 0.9985294
 0.9985294
 0.9985294
 0.9985294
 0.9985294
 0.9985294
 0.9985294
 0.9985294
 0.9985294
 0.9985294
 0.9985294
 0.9985294
 0.9985294
 0.9985294
 0.9985294
 0.9985294
 0.9985294
 0.9986850
 0.9986850
 0.9986850
 0.9986850
 0.9986850
 0.9986850
 0.9986850
 0.9986850
 0.9986850
 0.9986850
 0.9986850
 0.9986850
 0.9989185
 0.9989185
 0.9989185
 0.9989185
 0.9989185
 0.9989185
 0.9989185
 0.9989185
 0.9990352
 0.9990352
 0.9991285
 0.9991285
 0.9991285
 0.9991285
 0.9991285
 0.9991285
 0.9991285
 0.9991285
 0.9991285
 0.9991285
 0.9991285
 0.9991285
 0.9991285
 0.9991285
 0.9991285
 0.9991285
 0.9991285
 0.9991285
 0.9991285
 0.9991285
 0.9991285
 0.9991285
 0.9991285
 0.9991285
 0.9991285
 0.9991285
 0.9991285
 0.9991285
 0.9991285
 0.9991285
 0.9991285
 0.9991285
 0.9991285
 0.9991285
 0.9991285
 0.9991285
 0.9991285
 0.9991285
 0.9991285
 0.9991285
 0.9991285
 0.9991285
 0.9991285
 0.9991285
 0.9991285
 0.9991285
 0.9991285
 0.9991285
 0.9991285
 0.9991285
 0.9991285
 0.9991285
 0.9991285
 0.9991285
 0.9991285
 0.9991285
 0.9991285
 0.9991285
 0.9991285
 0.9991285
 0.9991285
 0.9991285
 0.9991285
 0.9991285
 0.9991285
 0.9991285
 0.9991285
 0.9991285
 0.9991285
 0.9991285
 0.9991285
 0.9991285
 0.9991285
 0.9991285
 0.9991285
 0.9991285
 0.9991285
 0.9991285
 0.9991285
 0.9991285
 0.9991285
 0.9991285
 0.9991285
 0.9991285
 0.9991285
 0.9991285
 0.9991285
 0.9991285
 0.9991285
 0.9991285
 0.9991285
 0.9991285
 0.9991285
 0.9991285
 0.9991285
 0.9991285
 0.9991285
 0.9991285
 0.9991285
 0.9991285
 0.9991285
 0.9991285
 0.9991285
 0.9991285
 0.9991285
 0.9991285
 0.9991285
 0.9991285
 0.9991285
 0.9991285
 0.9991285
 0.9991285
 0.9991285
 0.9991285
 0.9991285
 0.9991285
 0.9991285
 0.9991285
 0.9991285
 0.9991285
 0.9991285
 0.9991285
 0.9991285
 0.9991285
 0.9993620
 0.9993620
 0.9993620
 0.9993620
 0.9993620
 0.9993620
 0.9993620
 0.9993620
 0.9993620
 0.9993620
 0.9995176
 0.9995176
 0.9995176
 0.9995176
 0.9995176
 0.9995176
 0.9995176
 0.9995176
 0.9995176
 0.9995176
 0.9995176
 0.9995176
 0.9995176
 0.9995176
 0.9995176
 0.9995176
 0.9995176
 0.9995176
 0.9995176
 0.9995176
 0.9995176
 0.9995176
 0.9995176
 0.9995176
 0.9995176
 0.9995176
 0.9995176
 0.9995176
 0.9995176
 0.9995176
 0.9995176
 0.9995176
 0.9995176
 0.9995176
 0.9995176
 0.9995176
 0.9995176
 0.9995176
 0.9995176
 0.9995176
 0.9995176
 0.9995176
 0.9995176
 0.9995176
 0.9995176
 0.9995176
 0.9995176
 0.9995176
 0.9995176
 0.9995176
 0.9995176
 0.9995176
 0.9995176
 0.9995176
 0.9995176
 0.9995176
 0.9995176
 0.9995176
 0.9995176
 0.9995176
 0.9995176
 0.9995176
 0.9995176
 0.9995176
 0.9995176
 0.9995176
 0.9995176
 0.9995176
 0.9995176
 0.9995176
 0.9995176
 0.9995176
 0.9995176
 0.9995176
 0.9995176
 0.9995176
 0.9995176
 0.9995176
 0.9995176
 0.9995176
 0.9995176
 0.9995176
 0.9995176
 0.9995176
 0.9995176
 0.9995176
 0.9995176
 0.9995176
 0.9995176
 0.9995176
 0.9995176
 0.9995176
 0.9995176
 0.9995176
 0.9996110
 0.9996110
 0.9996110
 0.9996110
 0.9996110
 0.9996110
 0.9996110
 0.9996110
 0.9996110
 0.9996110
 0.9996110
 0.9996110
 0.9996110
 0.9996110
 0.9996110
 0.9996110
 0.9996110
 0.9996110
 0.9996110
 0.9996110
 0.9996110
 0.9996110
 0.9996110
 0.9996110
 0.9996110
 0.9996110
 0.9996110
 0.9996110
 0.9996110
 0.9996110
 0.9996110
 0.9996110
 0.9996110
 0.9996110
 0.9996110
 0.9996110
 0.9996110
 0.9996110
 0.9996110
 0.9996110
 0.9996110
 0.9996110
 0.9996110
 0.9996110
 0.9996110
 0.9996110
 0.9996110
 0.9996110
 0.9996110
 0.9996110
 0.9996110
 0.9996110
 0.9996110
 0.9996110
 0.9996110
 0.9996110
 0.9996110
 0.9996110
 0.9996110
 0.9996110
 0.9996110
 0.9996110
 0.9996110
 0.9996110
 0.9996110
 0.9996110
 0.9996110
 0.9996110
 0.9996110
 0.9996110
 0.9996110
 0.9996110
 0.9996110
 0.9996110
 0.9996110
 0.9996110
 0.9996110
 0.9996110
 0.9996110
 0.9996110
 0.9996110
 0.9996110
 0.9996110
 0.9996110
 0.9996110
 0.9996110
 0.9996110
 0.9996110
 0.9996110
 0.9996110
 0.9996110
 0.9996110
 0.9996110
 0.9996110
 0.9996110
 0.9996110
 0.9996110
 0.9996110
 0.9996110
 0.9996110
 0.9996110
 0.9996110
 0.9996110
 0.9996110
 0.9996110
 0.9996110
 0.9996110
 0.9996110
 0.9996110
 0.9996110
 0.9996110
 0.9996110
 0.9996110
 0.9996110
 0.9996110
 0.9996110
 0.9996110
 0.9996110
 0.9996110
 0.9996110
 0.9996110
 0.9996110
 0.9996110
 0.9996110
 0.9996110
 0.9996110
 0.9996110
 0.9996110
 0.9996110
 0.9996110
 0.9996110
 0.9996110
 0.9996110
 0.9996110
 0.9996110
 0.9996110
 0.9996110
 0.9996110
 0.9996110
 0.9996110
 0.9996110
 0.9996110
 0.9996110
 0.9996110
 0.9996110
 0.9996110
 0.9996110
 0.9996110
 0.9996110
 0.9996110
 0.9996110
 0.9996110
 0.9996110
 0.9996110
 0.9996110
 0.9996110
 0.9996110
 0.9996110
 0.9996110
 0.9996110
 0.9996110
 0.9996110
 0.9996110
 0.9996110
 0.9996110
 0.9996110
 0.9996110
 0.9996110
 0.9996110
 0.9996110
 0.9996110
 0.9996110
 0.9996110
 0.9996110
 0.9996110
 0.9996110
 0.9996110
 0.9996110
 0.9996110
 0.9996110
 0.9996110
 0.9996110
 0.9996110
 0.9996110
 0.9996110
 0.9996110
 0.9996110
 0.9996110
 0.9996110
 0.9996110
 0.9996110
 0.9996110
 0.9996110
 0.9996110
 0.9996110
 0.9996110
 0.9996110
 0.9996110
 0.9996110
 0.9996110
 0.9996110
 0.9996110
 0.9996110
 0.9996110
 0.9996110
 0.9996110
 0.9996110
 0.9996110
 0.9996110
 0.9996110
 0.9996110
 0.9996110
 0.9996110
 0.9996110
 0.9996110
 0.9996110
 0.9996110
 0.9996110
 0.9996110
 0.9996110
 0.9996110
 0.9996110
 0.9996110
 0.9996110
 0.9996110
 0.9996110
 0.9996110
 0.9996110
 0.9996110
 0.9996110
 0.9996110
 0.9996110
 0.9996110
 0.9996110
 0.9996110
 0.9996110
 0.9996110
 0.9996110
 0.9996110
 0.9996110
 0.9996110
 0.9996110
 0.9996110
 0.9996110
 0.9996110
 0.9996110
 0.9996110
 0.9996110
 0.9996110
 0.9996110
 0.9996110
 0.9996110
 0.9996110
 0.9996110
 0.9996110
 0.9996110
 0.9996110
 0.9996110
 0.9996110
 0.9996110
 0.9996110
 0.9996110
 0.9996110
 0.9996110
 0.9996110
 0.9996110
 0.9996110
 0.9996110
 0.9996110
 0.9996110
 0.9996110
 0.9996110
 0.9996110
 0.9996110
 0.9996110
 0.9996110
 0.9996110
 0.9996110
 0.9996110
 0.9996110
 0.9996110
 0.9996110
 0.9996110
 0.9996110
 0.9996110
 0.9996110
 0.9996110
 0.9996110
 0.9998444
 0.9998444
 1.0000000
 1.0000000
 1.0000000
 1.0000000
 1.0000000
 1.0000000
 1.0000000
 1.0000000
 1.0000000
 1.0000000
 1.0000000
 1.0000000
 1.0000000
 1.0000000
 1.0000000
 1.0000000
 1.0000000
 1.0000000
 1.0000000
 1.0000000
 1.0000000
 1.0000000
 1.0000000
 1.0000000
 1.0000000
 1.0000000
 1.0000000
 1.0000000
 1.0000000
 1.0000000
 1.0000000
 1.0000000
 1.0000000
 1.0000000
 1.0000000
 1.0000000
 1.0000000
 1.0000000
 1.0000000
 1.0000000
 1.0000000
 1.0000000
 1.0000000
 1.0000000
 1.0000000
 1.0000000
 1.0000000
 1.0000000
 1.0000000
 1.0000000
 1.0000000
 1.0000000
 1.0000000
 1.0000000
 1.0000000
 1.0000000
 1.0000000
 1.0000000
 1.0000000
 1.0000000
 1.0000000
 1.0000000
 1.0000000
 1.0000000
 1.0000000
 1.0000000
 1.0000000
 1.0000000
 1.0000000
 1.0000000
 1.0000000
 1.0000000
 1.0000000
 1.0000000
 1.0000000
 1.0000000
 1.0000000
 1.0000000
 1.0000000
 1.0000000
 1.0000000
 1.0000000
 1.0000000
 1.0000000
 1.0000000
 1.0000000
 1.0000000
 1.0000000
 1.0000000
 1.0000000
 1.0000000
 1.0000000
 1.0000000
 1.0000000
 1.0000000
 1.0000000
 1.0000000
 1.0000000
 1.0000000
 1.0000000
 1.0000000
 1.0000000
 1.0000000
 1.0000000
 1.0000000
 1.0000000
 1.0000000
 1.0000000
 1.0000000
 1.0000000
 1.0000000
 1.0000000
 1.0000000
 1.0000000
 1.0000000
 1.0000000
 1.0000000
 1.0000000
 1.0000000
 1.0000000
 1.0000000
 1.0000000
 1.0000000
 1.0000000
 1.0000000
 1.0000000
 1.0000000
 1.0000000
 1.0000000
 1.0000000
 1.0000000
 1.0000000
 1.0000000
 1.0000000
 1.0000000
 1.0000000
 1.0000000
 1.0000000
 1.0000000
 1.0000000
 1.0000000
 1.0000000
 1.0000000
 1.0000000
 1.0000000
 1.0000000
 1.0000000
 1.0000000
 1.0000000
 1.0000000
 1.0000000
 1.0000000
 1.0000000
 1.0000000
 1.0000000
 1.0000000
 1.0000000
 1.0000000
 1.0000000
 1.0000000
 1.0000000
 1.0000000
 1.0000000
 1.0000000
 1.0000000
 1.0000000
 1.0000000
 1.0000000
 1.0000000
 1.0000000
 1.0000000
 1.0000000
 1.0000000
 1.0000000
 1.0000000
 1.0000000
 1.0000000
 1.0000000
 1.0000000
 1.0000000
 1.0000000
 1.0000000
 1.0000000
 1.0000000
 1.0000000
 1.0000000
 1.0000000
 1.0000000
 1.0000000
 1.0000000
 1.0000000
 1.0000000
 1.0000000
 1.0000000
 1.0000000
 1.0000000
 1.0000000
 1.0000000
 1.0000000
 1.0000000
 1.0000000
 1.0000000
 1.0000000
 1.0000000
 1.0000000
 1.0000000
 1.0000000
 1.0000000
 1.0000000
 1.0000000
 1.0000000
 1.0000000
 1.0000000
 1.0000000
 1.0000000
 1.0000000
 1.0000000
 1.0000000
 1.0000000
 1.0000000
 1.0000000
 1.0000000
 1.0000000
 1.0000000
 1.0000000
 1.0000000
 1.0000000
 1.0000000
 1.0000000
 1.0000000
 1.0000000
 1.0000000
 1.0000000
 1.0000000
 1.0000000
 1.0000000
 1.0000000
 1.0000000
 1.0000000
 1.0000000
 1.0000000
 1.0000000
 1.0000000
 1.0000000
 1.0000000
 1.0000000
 1.0000000
 1.0000000
 1.0000000
 1.0000000
 1.0000000
 1.0000000
 1.0000000
 1.0000000
 1.0000000
 1.0000000
 1.0000000
 1.0000000
 1.0000000
 1.0000000
 1.0000000
 1.0000000
 1.0000000
 1.0000000
 1.0000000
 1.0000000
 1.0000000
 1.0000000
 1.0000000
 1.0000000
 1.0000000
 1.0000000
 1.0000000
 1.0000000
 1.0000000
 1.0000000
 1.0000000
 1.0000000
 1.0000000
 1.0000000
 1.0000000
 1.0000000
 1.0000000
 1.0000000
 1.0000000
 1.0000000
 1.0000000
 1.0000000
 1.0000000
 1.0000000
 1.0000000
 1.0000000
 1.0000000
 1.0000000
 1.0000000
 1.0000000
 1.0000000
 1.0000000
 1.0000000
 1.0000000
 1.0000000
 1.0000000
 1.0000000
 1.0000000
 1.0000000
 1.0000000
 1.0000000
 1.0000000
 1.0000000
 1.0000000
 1.0000000
 1.0000000
 1.0000000
 1.0000000
 1.0000000
 1.0000000
 1.0000000
 1.0000000
 1.0000000
 1.0000000
 1.0000000
 1.0000000
 1.0000000
 1.0000000
 1.0000000
 1.0000000
 1.0000000
 1.0000000
 1.0000000
 1.0000000
 1.0000000
 1.0000000
 1.0000000
 1.0000000
 1.0000000
 1.0000000
 1.0000000
 1.0000000
 1.0000000
 1.0000000
 1.0000000
 1.0000000
 1.0000000
 1.0000000
 1.0000000
 1.0000000
 1.0000000
 1.0000000
 1.0000000
 1.0000000
 1.0000000
 1.0000000
 1.0000000
 1.0000000
 1.0000000
 1.0000000
 1.0000000
 1.0000000
 1.0000000
 1.0000000
 1.0000000
 1.0000000
 1.0000000
 1.0000000
 1.0000000
 1.0000000
 1.0000000
 1.0000000
 1.0000000
 1.0000000
 1.0000000
 1.0000000
 1.0000000
 1.0000000
 1.0000000
 1.0000000
 1.0000000
 1.0000000
 1.0000000
 1.0000000
 1.0000000
 1.0000000
 1.0000000
 1.0000000
 1.0000000
 1.0000000
 1.0000000
 1.0000000
 1.0000000
 1.0000000
 1.0000000
 1.0000000
 1.0000000
 1.0000000
 1.0000000
 1.0000000
 1.0000000
 1.0000000
 1.0000000
 1.0000000
 1.0000000
 1.0000000
 1.0000000
 1.0000000
 1.0000000
 1.0000000
 1.0000000
 1.0000000
 1.0000000
 1.0000000
 1.0000000
 1.0000000
 1.0000000
 1.0000000
 1.0000000
 1.0000000
 1.0000000
 1.0000000
 1.0000000
 1.0000000
 1.0000000
 1.0000000
 1.0000000
 1.0000000
 1.0000000
 1.0000000
 1.0000000
 1.0000000
 1.0000000
 1.0000000
 1.0000000
 1.0000000
 1.0000000
 1.0000000
 1.0000000
 1.0000000
 1.0000000
 1.0000000
 1.0000000
 1.0000000
 1.0000000
 1.0000000
 1.0000000
 1.0000000
 1.0000000
 1.0000000
 1.0000000
 1.0000000
 1.0000000
 1.0000000
 1.0000000
 1.0000000
 1.0000000
 1.0000000
 1.0000000
 1.0000000
 1.0000000
 1.0000000
 1.0000000
 1.0000000
 1.0000000
 1.0000000
 1.0000000
 1.0000000
 1.0000000
 1.0000000
 1.0000000
 1.0000000
 1.0000000
 1.0000000
 1.0000000
 1.0000000
 1.0000000
 1.0000000
 1.0000000
 1.0000000
 1.0000000
 1.0000000
 1.0000000
 1.0000000
 1.0000000
 1.0000000
 1.0000000
 1.0000000
 1.0000000
 1.0000000
 1.0000000
 1.0000000
 1.0000000
 1.0000000
 1.0000000
 1.0000000
 1.0000000
 1.0000000
 1.0000000
 1.0000000
 1.0000000
 1.0000000
 1.0000000
 1.0000000
 1.0000000
 1.0000000
 1.0000000
 1.0000000
 1.0000000
 1.0000000
 1.0000000
 1.0000000
 1.0000000
 1.0000000
 1.0000000
 1.0000000
 1.0000000
 1.0000000
 1.0000000
 1.0000000
 1.0000000
 1.0000000
 1.0000000
 1.0000000
 1.0000000
 1.0000000
 1.0000000
 1.0000000
 1.0000000
 1.0000000
 1.0000000
 1.0000000
 1.0000000
 1.0000000
 1.0000000
 1.0000000
 1.0000000
 1.0000000
 1.0000000
 1.0000000
 1.0000000
 1.0000000
 1.0000000
 1.0000000
 1.0000000
 1.0000000
 1.0000000
 1.0000000
 1.0000000
 1.0000000
 1.0000000
 1.0000000
 1.0000000
 1.0000000
 1.0000000
 1.0000000
 1.0000000
 1.0000000
 1.0000000
 1.0000000
 1.0000000
 1.0000000
 1.0000000
 1.0000000
 1.0000000
 1.0000000
 1.0000000
 1.0000000
 1.0000000
 1.0000000
 1.0000000
 1.0000000
 1.0000000
 1.0000000
 1.0000000
 1.0000000
 1.0000000
 1.0000000
 1.0000000
 1.0000000
 1.0000000
 1.0000000
 1.0000000
 1.0000000
 1.0000000
 1.0000000
 1.0000000
 1.0000000
 1.0000000
 1.0000000
 1.0000000
 1.0000000
 1.0000000
 1.0000000
 1.0000000
 1.0000000
 1.0000000
 1.0000000
 1.0000000
 1.0000000
 1.0000000
 1.0000000
 1.0000000
 1.0000000
 1.0000000
 1.0000000
 1.0000000
 1.0000000
 1.0000000
 1.0000000
 1.0000000
 1.0000000
 1.0000000
 1.0000000
 1.0000000
 1.0000000
 1.0000000
 1.0000000
 1.0000000
 1.0000000
 1.0000000
 1.0000000
 1.0000000
 1.0000000
 1.0000000
 1.0000000
 1.0000000
 1.0000000
 1.0000000
 1.0000000
 1.0000000
 1.0000000
 1.0000000
 1.0000000
 1.0000000
 1.0000000
 1.0000000
 1.0000000
 1.0000000
 1.0000000
 1.0000000
 1.0000000
 1.0000000
 1.0000000
 1.0000000
 1.0000000
 1.0000000
 1.0000000
 1.0000000
 1.0000000
 1.0000000
 1.0000000
 1.0000000
 1.0000000
 1.0000000
 1.0000000
 1.0000000
 1.0000000
 1.0000000
 1.0000000
 1.0000000
 1.0000000
 1.0000000
 1.0000000
 1.0000000
 1.0000000
 1.0000000
 1.0000000
 1.0000000
 1.0000000
 1.0000000
 1.0000000
 1.0000000
 1.0000000
 1.0000000
 1.0000000
 1.0000000
 1.0000000
 1.0000000
 1.0000000
 1.0000000
 1.0000000
 1.0000000
 1.0000000
 1.0000000
 1.0000000
 1.0000000
 1.0000000
 1.0000000
 1.0000000
 1.0000000
 1.0000000
 1.0000000
 1.0000000
 1.0000000
 1.0000000
 1.0000000
 1.0000000
 1.0000000
 1.0000000
 1.0000000
 1.0000000
 1.0000000
 1.0000000
 1.0000000
 1.0000000
 1.0000000
 1.0000000
 1.0000000
 1.0000000
 1.0000000
 1.0000000
