 0.0000000
 0.0000000
 0.0000000
 0.0000000
 0.0000000
 0.0000000
 0.0000000
 0.0000000
 0.0000000
 0.0000000
 0.0000000
 0.0000000
 0.0000000
 0.0000000
 0.0000000
 0.0000000
 0.0000000
 0.0000000
 0.0000000
 0.0000000
 0.0000000
 0.0000000
 0.0000000
 0.0000000
 0.0000000
 0.0000000
 0.0000000
 0.0000000
 0.0000000
 0.0000000
 0.0000000
 0.0000000
 0.0000000
 0.1190328
 0.1195529
 0.2421737
 0.2421737
 0.3603040
 0.3616711
 0.4277513
 0.4284717
 0.4687599
 0.4725463
 0.4868882
 0.4871372
 0.5504596
 0.5544749
 0.5986080
 0.5986080
 0.5986080
 0.6021493
 0.6144262
 0.6180253
 0.6202552
 0.6271527
 0.6285253
 0.6298402
 0.6450534
 0.6495081
 0.6670924
 0.6738875
 0.6760389
 0.6837527
 0.6915566
 0.6959638
 0.7094992
 0.7125454
 0.7127671
 0.7166502
 0.7197379
 0.7219477
 0.7247295
 0.7343551
 0.7348161
 0.7363666
 0.7377485
 0.7377485
 0.7385227
 0.7390595
 0.7459834
 0.7748804
 0.7752539
 0.7941659
 0.7965293
 0.7999730
 0.8021863
 0.8057149
 0.8065241
 0.8095918
 0.8105010
 0.8290790
 0.8307599
 0.8330994
 0.8332161
 0.8383021
 0.8384701
 0.8418848
 0.8428963
 0.8525410
 0.8525410
 0.8785232
 0.8786788
 0.8793635
 0.8795191
 0.8886896
 0.8889489
 0.8993190
 0.8994358
 0.9123099
 0.9123099
 0.9143563
 0.9143563
 0.9520639
 0.9520639
 0.9586695
 0.9587628
 0.9680903
 0.9680903
 0.9690007
 0.9690007
 0.9712455
 0.9712455
 0.9762540
 0.9762540
 0.9773900
 0.9773900
 0.9776624
 0.9776624
 0.9778180
 0.9778180
 0.9778763
 0.9778763
 0.9778763
 0.9778763
 0.9810976
 0.9810976
 0.9819574
 0.9819574
 0.9827900
 0.9827900
 0.9833191
 0.9833191
 0.9837626
 0.9837626
 0.9839960
 0.9839960
 0.9839960
 0.9839960
 0.9839960
 0.9839960
 0.9841516
 0.9841516
 0.9842683
 0.9842683
 0.9846535
 0.9846535
 0.9857646
 0.9857646
 0.9866088
 0.9866088
 0.9874414
 0.9874414
 0.9874414
 0.9874414
 0.9877402
 0.9877402
 0.9877402
 0.9877402
 0.9878958
 0.9878958
 0.9878958
 0.9878958
 0.9881292
 0.9881292
 0.9891112
 0.9891112
 0.9894380
 0.9894380
 0.9900137
 0.9900137
 0.9900137
 0.9900137
 0.9900137
 0.9900137
 0.9900137
 0.9900137
 0.9900137
 0.9900137
 0.9900137
 0.9900137
 0.9900137
 0.9900137
 0.9900137
 0.9900137
 0.9902067
 0.9902067
 0.9903001
 0.9903001
 0.9909537
 0.9909537
 0.9913894
 0.9913894
 0.9914828
 0.9914828
 0.9915761
 0.9915761
 0.9915761
 0.9915761
 0.9919263
 0.9919263
 0.9920430
 0.9920430
 0.9920430
 0.9920430
 0.9920430
 0.9920430
 0.9923387
 0.9923387
 0.9923387
 0.9923387
 0.9925488
 0.9925488
 0.9925488
 0.9925488
 0.9925488
 0.9925488
 0.9927822
 0.9927822
 0.9935727
 0.9935727
 0.9935727
 0.9935727
 0.9936474
 0.9936474
 0.9936474
 0.9936474
 0.9936474
 0.9936474
 0.9936474
 0.9936474
 0.9936474
 0.9936474
 0.9938808
 0.9938808
 0.9938808
 0.9938808
 0.9939742
 0.9939742
 0.9940676
 0.9940676
 0.9941843
 0.9941843
 0.9941843
 0.9941843
 0.9941843
 0.9941843
 0.9941843
 0.9941843
 0.9941843
 0.9941843
 0.9941843
 0.9941843
 0.9944878
 0.9944878
 0.9944878
 0.9944878
 0.9944878
 0.9944878
 0.9944878
 0.9944878
 0.9944878
 0.9944878
 0.9944878
 0.9944878
 0.9944878
 0.9944878
 0.9948768
 0.9948768
 0.9948768
 0.9948768
 0.9949702
 0.9949702
 0.9949702
 0.9949702
 0.9949702
 0.9949702
 0.9949702
 0.9949702
 0.9949702
 0.9949702
 0.9950285
 0.9950285
 0.9950285
 0.9950285
 0.9950285
 0.9950285
 0.9952620
 0.9952620
 0.9955213
 0.9955213
 0.9955213
 0.9955213
 0.9958481
 0.9958481
 0.9958481
 0.9958481
 0.9958481
 0.9958481
 0.9958481
 0.9958481
 0.9958481
 0.9958481
 0.9958481
 0.9958481
 0.9958481
 0.9958481
 0.9959228
 0.9959228
 0.9959228
 0.9959228
 0.9959228
 0.9959228
 0.9959228
 0.9959228
 0.9959228
 0.9959228
 0.9959228
 0.9959228
 0.9959228
 0.9959228
 0.9959228
 0.9959228
 0.9959228
 0.9959228
 0.9960162
 0.9960162
 0.9960162
 0.9960162
 0.9961329
 0.9961329
 0.9961329
 0.9961329
 0.9961329
 0.9961329
 0.9961329
 0.9961329
 0.9961329
 0.9961329
 0.9961329
 0.9961329
 0.9961329
 0.9961329
 0.9963663
 0.9963663
 0.9963663
 0.9963663
 0.9963663
 0.9963663
 0.9963663
 0.9963663
 0.9963663
 0.9963663
 0.9963663
 0.9963663
 0.9963663
 0.9963663
 0.9963663
 0.9963663
 0.9963663
 0.9963663
 0.9963663
 0.9963663
 0.9963663
 0.9963663
 0.9963663
 0.9963663
 0.9963663
 0.9963663
 0.9963663
 0.9963663
 0.9966075
 0.9966075
 0.9971678
 0.9971678
 0.9971678
 0.9971678
 0.9971678
 0.9971678
 0.9971678
 0.9971678
 0.9971678
 0.9971678
 0.9973234
 0.9973234
 0.9974167
 0.9974167
 0.9974167
 0.9974167
 0.9974167
 0.9974167
 0.9975724
 0.9975724
 0.9975724
 0.9975724
 0.9975724
 0.9975724
 0.9975724
 0.9975724
 0.9975724
 0.9975724
 0.9975724
 0.9975724
 0.9975724
 0.9975724
 0.9975724
 0.9975724
 0.9975724
 0.9975724
 0.9975724
 0.9975724
 0.9975724
 0.9975724
 0.9975724
 0.9975724
 0.9978214
 0.9978214
 0.9978214
 0.9978214
 0.9978214
 0.9978214
 0.9978214
 0.9978214
 0.9978214
 0.9978214
 0.9978214
 0.9978214
 0.9978214
 0.9978214
 0.9978214
 0.9978214
 0.9978214
 0.9978214
 0.9978214
 0.9978214
 0.9978214
 0.9978214
 0.9979381
 0.9979381
 0.9979381
 0.9979381
 0.9979381
 0.9979381
 0.9979381
 0.9979381
 0.9979381
 0.9979381
 0.9979381
 0.9979381
 0.9979381
 0.9979381
 0.9980937
 0.9980937
 0.9980937
 0.9980937
 0.9980937
 0.9980937
 0.9980937
 0.9980937
 0.9980937
 0.9980937
 0.9980937
 0.9980937
 0.9980937
 0.9980937
 0.9981871
 0.9981871
 0.9981871
 0.9981871
 0.9981871
 0.9981871
 0.9983038
 0.9983038
 0.9983038
 0.9983038
 0.9983038
 0.9983038
 0.9983038
 0.9983038
 0.9983038
 0.9983038
 0.9983038
 0.9983038
 0.9983038
 0.9983038
 0.9983038
 0.9983038
 0.9983038
 0.9983038
 0.9983038
 0.9983038
 0.9983038
 0.9983038
 0.9983038
 0.9983038
 0.9983038
 0.9983038
 0.9983038
 0.9983038
 0.9983038
 0.9983038
 0.9983038
 0.9983038
 0.9983038
 0.9983038
 0.9983038
 0.9983038
 0.9983038
 0.9983038
 0.9983038
 0.9983038
 0.9983038
 0.9983038
 0.9983038
 0.9983038
 0.9983038
 0.9983038
 0.9983038
 0.9983038
 0.9983038
 0.9983038
 0.9983038
 0.9983038
 0.9983038
 0.9983038
 0.9983038
 0.9983038
 0.9983038
 0.9983038
 0.9983038
 0.9983038
 0.9983038
 0.9983038
 0.9983038
 0.9983038
 0.9983038
 0.9983038
 0.9983038
 0.9983038
 0.9983038
 0.9983038
 0.9983038
 0.9983038
 0.9983038
 0.9983038
 0.9983038
 0.9983038
 0.9985372
 0.9985372
 0.9985372
 0.9985372
 0.9985372
 0.9985372
 0.9985372
 0.9985372
 0.9985372
 0.9985372
 0.9985372
 0.9985372
 0.9985372
 0.9985372
 0.9985372
 0.9985372
 0.9985372
 0.9985372
 0.9985372
 0.9985372
 0.9985372
 0.9985372
 0.9985372
 0.9985372
 0.9985372
 0.9985372
 0.9985372
 0.9985372
 0.9985372
 0.9985372
 0.9987706
 0.9987706
 0.9987706
 0.9987706
 0.9987706
 0.9987706
 0.9987706
 0.9987706
 0.9987706
 0.9987706
 0.9987706
 0.9987706
 0.9987706
 0.9987706
 0.9987706
 0.9987706
 0.9987706
 0.9987706
 0.9987706
 0.9987706
 0.9987706
 0.9987706
 0.9987706
 0.9987706
 0.9987706
 0.9987706
 0.9987706
 0.9987706
 0.9987706
 0.9987706
 0.9987706
 0.9987706
 0.9987706
 0.9987706
 0.9987706
 0.9987706
 0.9987706
 0.9987706
 0.9987706
 0.9987706
 0.9987706
 0.9987706
 0.9987706
 0.9987706
 0.9987706
 0.9987706
 0.9987706
 0.9987706
 0.9990040
 0.9990040
 0.9992375
 0.9992375
 0.9992375
 0.9992375
 0.9992375
 0.9992375
 0.9992375
 0.9992375
 0.9992375
 0.9992375
 0.9992375
 0.9992375
 0.9992375
 0.9992375
 0.9992375
 0.9992375
 0.9992375
 0.9992375
 0.9992375
 0.9992375
 0.9992375
 0.9992375
 0.9992375
 0.9992375
 0.9992375
 0.9992375
 0.9992375
 0.9992375
 0.9992375
 0.9992375
 0.9992375
 0.9992375
 0.9992375
 0.9992375
 0.9992375
 0.9992375
 0.9992375
 0.9992375
 0.9992375
 0.9993308
 0.9993308
 0.9993308
 0.9993308
 0.9993308
 0.9993308
 0.9993308
 0.9993308
 0.9993308
 0.9993308
 0.9993308
 0.9993308
 0.9993308
 0.9993308
 0.9993308
 0.9993308
 0.9993308
 0.9993308
 0.9993308
 0.9993308
 0.9993308
 0.9993308
 0.9993308
 0.9993308
 0.9993308
 0.9993308
 0.9993308
 0.9993308
 0.9993308
 0.9993308
 0.9993308
 0.9993308
 0.9993308
 0.9993308
 0.9993308
 0.9993308
 0.9993308
 0.9993308
 0.9993308
 0.9994476
 0.9994476
 0.9994476
 0.9994476
 0.9994476
 0.9994476
 0.9994476
 0.9994476
 0.9994476
 0.9994476
 0.9994476
 0.9994476
 0.9994476
 0.9994476
 0.9994476
 0.9994476
 0.9994476
 0.9994476
 0.9994476
 0.9994476
 0.9994476
 0.9994476
 0.9994476
 0.9994476
 0.9994476
 0.9994476
 0.9994476
 0.9994476
 0.9994476
 0.9994476
 0.9994476
 0.9994476
 0.9994476
 0.9994476
 0.9994476
 0.9994476
 0.9994476
 0.9994476
 0.9996032
 0.9996032
 0.9996032
 0.9996032
 0.9996032
 0.9996032
 0.9996032
 0.9996032
 0.9996032
 0.9996032
 0.9996032
 0.9996032
 0.9996032
 0.9996032
 0.9996032
 0.9996032
 0.9996032
 0.9996032
 0.9996032
 0.9996032
 0.9996032
 0.9996032
 0.9996032
 0.9996032
 0.9996032
 0.9996032
 0.9996032
 0.9996032
 0.9996032
 0.9996032
 0.9996032
 0.9996032
 0.9996032
 0.9996032
 0.9996032
 0.9996032
 0.9996032
 0.9996032
 0.9996032
 0.9996032
 0.9996032
 0.9996032
 0.9996032
 0.9996032
 0.9996032
 0.9996032
 0.9996032
 0.9996032
 0.9996032
 0.9996032
 0.9996032
 0.9996032
 0.9996032
 0.9996032
 0.9996032
 0.9996032
 0.9996032
 0.9996032
 0.9996032
 0.9996032
 0.9996032
 0.9996032
 0.9996032
 0.9996032
 0.9996032
 0.9996032
 0.9996032
 0.9996032
 0.9996032
 0.9996032
 0.9996032
 0.9996032
 0.9996965
 0.9996965
 0.9996965
 0.9996965
 0.9996965
 0.9996965
 0.9996965
 0.9996965
 0.9996965
 0.9996965
 0.9996965
 0.9996965
 0.9996965
 0.9996965
 0.9996965
 0.9996965
 0.9996965
 0.9996965
 0.9996965
 0.9996965
 0.9996965
 0.9996965
 0.9996965
 0.9996965
 0.9996965
 0.9996965
 0.9996965
 0.9996965
 0.9996965
 0.9996965
 0.9996965
 0.9996965
 0.9996965
 0.9996965
 0.9996965
 0.9996965
 0.9996965
 0.9996965
 0.9996965
 0.9996965
 0.9996965
 0.9996965
 0.9996965
 0.9996965
 0.9996965
 0.9996965
 0.9996965
 0.9996965
 0.9996965
 0.9996965
 0.9996965
 0.9996965
 0.9996965
 0.9996965
 0.9996965
 0.9996965
 0.9996965
 0.9996965
 0.9996965
 0.9996965
 0.9996965
 0.9996965
 0.9996965
 0.9996965
 0.9996965
 0.9996965
 0.9996965
 0.9996965
 0.9996965
 0.9996965
 0.9996965
 0.9996965
 0.9996965
 0.9996965
 0.9996965
 0.9996965
 0.9996965
 0.9996965
 0.9996965
 0.9996965
 0.9996965
 0.9996965
 0.9996965
 0.9996965
 0.9996965
 0.9996965
 0.9996965
 0.9996965
 0.9996965
 0.9996965
 0.9996965
 0.9996965
 0.9996965
 0.9996965
 0.9996965
 0.9996965
 0.9996965
 0.9996965
 0.9997899
 0.9997899
 0.9997899
 0.9997899
 0.9997899
 0.9997899
 0.9997899
 0.9997899
 0.9997899
 0.9997899
 0.9997899
 0.9997899
 0.9997899
 0.9997899
 0.9997899
 0.9997899
 0.9997899
 0.9997899
 0.9997899
 0.9997899
 0.9997899
 0.9997899
 0.9997899
 0.9997899
 0.9997899
 0.9997899
 0.9997899
 0.9997899
 0.9997899
 0.9997899
 0.9997899
 0.9997899
 0.9997899
 0.9997899
 0.9997899
 0.9997899
 0.9997899
 0.9997899
 0.9997899
 0.9997899
 0.9997899
 0.9997899
 0.9997899
 0.9997899
 0.9997899
 0.9997899
 0.9997899
 0.9997899
 0.9997899
 0.9997899
 0.9997899
 0.9997899
 0.9999066
 0.9999066
 0.9999066
 0.9999066
 0.9999066
 0.9999066
 0.9999066
 0.9999066
 0.9999066
 0.9999066
 0.9999066
 0.9999066
 0.9999066
 0.9999066
 0.9999066
 0.9999066
 0.9999066
 0.9999066
 0.9999066
 0.9999066
 0.9999066
 0.9999066
 0.9999066
 0.9999066
 0.9999066
 0.9999066
 0.9999066
 0.9999066
 0.9999066
 0.9999066
 0.9999066
 0.9999066
 0.9999066
 0.9999066
 0.9999066
 0.9999066
 0.9999066
 0.9999066
 0.9999066
 0.9999066
 0.9999066
 0.9999066
 0.9999066
 0.9999066
 0.9999066
 0.9999066
 0.9999066
 0.9999066
 0.9999066
 0.9999066
 0.9999066
 0.9999066
 0.9999066
 0.9999066
 0.9999066
 0.9999066
 0.9999066
 0.9999066
 0.9999066
 0.9999066
 0.9999066
 0.9999066
 0.9999066
 0.9999066
 0.9999066
 0.9999066
 0.9999066
 0.9999066
 0.9999066
 0.9999066
 0.9999066
 0.9999066
 0.9999066
 0.9999066
 0.9999066
 0.9999066
 0.9999066
 0.9999066
 0.9999066
 0.9999066
 0.9999066
 0.9999066
 0.9999066
 0.9999066
 0.9999066
 0.9999066
 0.9999066
 0.9999066
 0.9999066
 0.9999066
 0.9999066
 0.9999066
 0.9999066
 0.9999066
 0.9999066
 0.9999066
 0.9999066
 0.9999066
 0.9999066
 0.9999066
 0.9999066
 0.9999066
 0.9999066
 0.9999066
 0.9999066
 0.9999066
 0.9999066
 0.9999066
 0.9999066
 0.9999066
 0.9999066
 0.9999066
 0.9999066
 0.9999066
 0.9999066
 0.9999066
 0.9999066
 0.9999066
 0.9999066
 0.9999066
 0.9999066
 0.9999066
 0.9999066
 0.9999066
 0.9999066
 0.9999066
 0.9999066
 0.9999066
 0.9999066
 0.9999066
 0.9999066
 0.9999066
 0.9999066
 0.9999066
 0.9999066
 0.9999066
 0.9999066
 0.9999066
 0.9999066
 0.9999066
 0.9999066
 0.9999066
 0.9999066
 0.9999066
 0.9999066
 0.9999066
 0.9999066
 0.9999066
 0.9999066
 0.9999066
 0.9999066
 0.9999066
 0.9999066
 0.9999066
 0.9999066
 0.9999066
 0.9999066
 0.9999066
 0.9999066
 0.9999066
 0.9999066
 0.9999066
 0.9999066
 0.9999066
 0.9999066
 0.9999066
 0.9999066
 0.9999066
 0.9999066
 0.9999066
 0.9999066
 0.9999066
 0.9999066
 0.9999066
 0.9999066
 0.9999066
 0.9999066
 0.9999066
 0.9999066
 0.9999066
 0.9999066
 0.9999066
 0.9999066
 0.9999066
 0.9999066
 0.9999066
 0.9999066
 0.9999066
 0.9999066
 0.9999066
 0.9999066
 0.9999066
 0.9999066
 0.9999066
 0.9999066
 0.9999066
 0.9999066
 0.9999066
 0.9999066
 0.9999066
 0.9999066
 0.9999066
 0.9999066
 0.9999066
 0.9999066
 0.9999066
 0.9999066
 0.9999066
 0.9999066
 0.9999066
 0.9999066
 0.9999066
 0.9999066
 0.9999066
 0.9999066
 0.9999066
 0.9999066
 0.9999066
 0.9999066
 0.9999066
 0.9999066
 0.9999066
 0.9999066
 0.9999066
 0.9999066
 0.9999066
 0.9999066
 0.9999066
 0.9999066
 0.9999066
 0.9999066
 0.9999066
 0.9999066
 0.9999066
 0.9999066
 0.9999066
 0.9999066
 0.9999066
 0.9999066
 0.9999066
 0.9999066
 0.9999066
 0.9999066
 0.9999066
 0.9999066
 0.9999066
 0.9999066
 0.9999066
 0.9999066
 0.9999066
 0.9999066
 0.9999066
 0.9999066
 0.9999066
 0.9999066
 0.9999066
 0.9999066
 0.9999066
 0.9999066
 0.9999066
 0.9999066
 0.9999066
 0.9999066
 0.9999066
 0.9999066
 0.9999066
 0.9999066
 0.9999066
 0.9999066
 0.9999066
 0.9999066
 0.9999066
 0.9999066
 0.9999066
 0.9999066
 0.9999066
 0.9999066
 0.9999066
 0.9999066
 0.9999066
 0.9999066
 0.9999066
 0.9999066
 0.9999066
 0.9999066
 0.9999066
 0.9999066
 0.9999066
 0.9999066
 0.9999066
 0.9999066
 1.0000000
 1.0000000
 1.0000000
 1.0000000
 1.0000000
 1.0000000
 1.0000000
 1.0000000
 1.0000000
 1.0000000
 1.0000000
 1.0000000
 1.0000000
 1.0000000
 1.0000000
 1.0000000
 1.0000000
 1.0000000
 1.0000000
 1.0000000
 1.0000000
 1.0000000
 1.0000000
 1.0000000
 1.0000000
 1.0000000
 1.0000000
 1.0000000
 1.0000000
 1.0000000
 1.0000000
 1.0000000
 1.0000000
 1.0000000
 1.0000000
 1.0000000
 1.0000000
 1.0000000
 1.0000000
 1.0000000
 1.0000000
 1.0000000
 1.0000000
 1.0000000
 1.0000000
 1.0000000
 1.0000000
 1.0000000
 1.0000000
 1.0000000
 1.0000000
 1.0000000
 1.0000000
 1.0000000
 1.0000000
 1.0000000
 1.0000000
 1.0000000
 1.0000000
 1.0000000
 1.0000000
 1.0000000
 1.0000000
 1.0000000
 1.0000000
 1.0000000
 1.0000000
 1.0000000
 1.0000000
 1.0000000
 1.0000000
 1.0000000
 1.0000000
 1.0000000
 1.0000000
 1.0000000
 1.0000000
 1.0000000
 1.0000000
 1.0000000
 1.0000000
 1.0000000
 1.0000000
 1.0000000
 1.0000000
 1.0000000
 1.0000000
 1.0000000
 1.0000000
 1.0000000
 1.0000000
 1.0000000
 1.0000000
 1.0000000
 1.0000000
 1.0000000
 1.0000000
 1.0000000
 1.0000000
 1.0000000
 1.0000000
 1.0000000
 1.0000000
 1.0000000
 1.0000000
 1.0000000
 1.0000000
 1.0000000
 1.0000000
 1.0000000
 1.0000000
 1.0000000
 1.0000000
 1.0000000
 1.0000000
 1.0000000
 1.0000000
 1.0000000
 1.0000000
 1.0000000
 1.0000000
 1.0000000
 1.0000000
 1.0000000
 1.0000000
 1.0000000
 1.0000000
 1.0000000
 1.0000000
 1.0000000
 1.0000000
 1.0000000
 1.0000000
 1.0000000
 1.0000000
 1.0000000
 1.0000000
 1.0000000
 1.0000000
 1.0000000
 1.0000000
 1.0000000
 1.0000000
 1.0000000
 1.0000000
 1.0000000
 1.0000000
 1.0000000
 1.0000000
 1.0000000
 1.0000000
 1.0000000
 1.0000000
 1.0000000
 1.0000000
 1.0000000
 1.0000000
 1.0000000
 1.0000000
 1.0000000
 1.0000000
 1.0000000
 1.0000000
 1.0000000
 1.0000000
 1.0000000
 1.0000000
 1.0000000
 1.0000000
 1.0000000
 1.0000000
 1.0000000
 1.0000000
 1.0000000
 1.0000000
 1.0000000
 1.0000000
 1.0000000
 1.0000000
 1.0000000
 1.0000000
 1.0000000
 1.0000000
 1.0000000
 1.0000000
 1.0000000
 1.0000000
 1.0000000
 1.0000000
 1.0000000
 1.0000000
 1.0000000
 1.0000000
 1.0000000
 1.0000000
 1.0000000
 1.0000000
 1.0000000
 1.0000000
 1.0000000
 1.0000000
 1.0000000
 1.0000000
 1.0000000
 1.0000000
 1.0000000
 1.0000000
 1.0000000
 1.0000000
 1.0000000
 1.0000000
 1.0000000
 1.0000000
 1.0000000
 1.0000000
 1.0000000
 1.0000000
 1.0000000
 1.0000000
 1.0000000
 1.0000000
 1.0000000
 1.0000000
 1.0000000
 1.0000000
 1.0000000
 1.0000000
 1.0000000
