 2.0000002
 1.0000002
 1.0000001
 1.0000000
 0.9999999
 0.9414304
 0.9414253
 0.8945478
 0.8945373
 0.8936106
 0.8935935
 0.8880142
 0.8880031
 0.8875170
 0.8874906
 0.8856483
 0.8856461
 0.8775964
 0.8775561
 0.8694873
 0.8694751
 0.8641818
 0.8641685
 0.8618371
 0.8618315
 0.8571473
 0.8570979
 0.8524743
 0.8524613
 0.8441979
 0.8441701
 0.8137540
 0.8136864
 0.5860622
 0.5856118
 0.5402353
 0.5402290
 0.5001416
 0.4997359
 0.4781457
 0.4777500
 0.4631986
 0.4620025
 0.4581545
 0.4580945
 0.4353961
 0.4336535
 0.4179218
 0.4179137
 0.4178961
 0.4169689
 0.4123544
 0.4114864
 0.4106223
 0.4077054
 0.4073265
 0.4067623
 0.4012579
 0.3997891
 0.3917708
 0.3891729
 0.3881373
 0.3857130
 0.3817878
 0.3797011
 0.3732533
 0.3717977
 0.3717180
 0.3700745
 0.3688529
 0.3673083
 0.3657962
 0.3614288
 0.3606490
 0.3594406
 0.3589036
 0.3588848
 0.3586127
 0.3582109
 0.3549430
 0.3404146
 0.3401745
 0.3304670
 0.3289569
 0.3274593
 0.3267756
 0.3250201
 0.3246396
 0.3234616
 0.3225741
 0.3109586
 0.3098077
 0.3084445
 0.3083821
 0.3051286
 0.3050239
 0.3020577
 0.3015313
 0.2954016
 0.2952628
 0.2782315
 0.2781040
 0.2774388
 0.2773947
 0.2702434
 0.2701374
 0.2622729
 0.2622160
 0.2505617
 0.2504608
 0.2490291
 0.2489573
 0.2072653
 0.2072314
 0.1963626
 0.1963490
 0.1813004
 0.1812458
 0.1803887
 0.1803784
 0.1759301
 0.1759078
 0.1646644
 0.1646175
 0.1612002
 0.1611868
 0.1599820
 0.1599734
 0.1584363
 0.1584239
 0.1576684
 0.1576621
 0.1570136
 0.1570105
 0.1493163
 0.1493121
 0.1457357
 0.1457192
 0.1431992
 0.1431969
 0.1424756
 0.1424602
 0.1404899
 0.1404796
 0.1400007
 0.1399931
 0.1398496
 0.1398493
 0.1392577
 0.1392571
 0.1384022
 0.1383921
 0.1365893
 0.1365871
 0.1352553
 0.1352492
 0.1312071
 0.1312040
 0.1298831
 0.1298813
 0.1276131
 0.1276127
 0.1276087
 0.1276007
 0.1241588
 0.1241451
 0.1233666
 0.1233604
 0.1230222
 0.1230203
 0.1228383
 0.1228291
 0.1225099
 0.1225057
 0.1204343
 0.1204327
 0.1198853
 0.1198792
 0.1184565
 0.1184459
 0.1184310
 0.1184213
 0.1180329
 0.1180150
 0.1179343
 0.1179282
 0.1178520
 0.1178482
 0.1175175
 0.1175133
 0.1168080
 0.1167998
 0.1167023
 0.1166981
 0.1159621
 0.1159565
 0.1153327
 0.1153194
 0.1146119
 0.1146096
 0.1133648
 0.1133598
 0.1122458
 0.1122261
 0.1121022
 0.1120809
 0.1118405
 0.1118073
 0.1109138
 0.1109082
 0.1102720
 0.1102491
 0.1093885
 0.1093818
 0.1092362
 0.1092351
 0.1086322
 0.1086298
 0.1083639
 0.1083545
 0.1069491
 0.1069399
 0.1059532
 0.1059443
 0.1046580
 0.1046567
 0.1039673
 0.1039667
 0.1013492
 0.1013438
 0.1009935
 0.1009922
 0.1003576
 0.1003549
 0.1003033
 0.1003010
 0.0999875
 0.0999842
 0.0998812
 0.0998773
 0.0995999
 0.0995933
 0.0980834
 0.0980815
 0.0979148
 0.0979125
 0.0968262
 0.0968237
 0.0966194
 0.0966122
 0.0959278
 0.0959232
 0.0958676
 0.0958675
 0.0948060
 0.0948024
 0.0943204
 0.0943158
 0.0943026
 0.0942973
 0.0942619
 0.0942614
 0.0934265
 0.0934257
 0.0923636
 0.0923629
 0.0922983
 0.0922938
 0.0920454
 0.0920283
 0.0918822
 0.0918755
 0.0918336
 0.0918331
 0.0912194
 0.0912162
 0.0902291
 0.0902283
 0.0900717
 0.0900586
 0.0899548
 0.0899483
 0.0899441
 0.0899433
 0.0897365
 0.0897316
 0.0890982
 0.0890898
 0.0878683
 0.0878676
 0.0876520
 0.0876512
 0.0864039
 0.0863991
 0.0856448
 0.0856373
 0.0853347
 0.0853307
 0.0846596
 0.0846586
 0.0846002
 0.0845981
 0.0838999
 0.0838991
 0.0836900
 0.0836864
 0.0836754
 0.0836738
 0.0836599
 0.0836566
 0.0835994
 0.0835910
 0.0835709
 0.0835670
 0.0833514
 0.0833442
 0.0817952
 0.0817938
 0.0804635
 0.0804634
 0.0801456
 0.0801326
 0.0799570
 0.0799511
 0.0793208
 0.0793141
 0.0791552
 0.0791506
 0.0787776
 0.0787647
 0.0783263
 0.0783227
 0.0780417
 0.0780383
 0.0775936
 0.0775912
 0.0775689
 0.0775527
 0.0767466
 0.0767465
 0.0766654
 0.0766635
 0.0766484
 0.0766472
 0.0766176
 0.0766171
 0.0765697
 0.0765534
 0.0764988
 0.0764981
 0.0761171
 0.0761103
 0.0750857
 0.0750759
 0.0750537
 0.0750527
 0.0747552
 0.0747499
 0.0746389
 0.0746365
 0.0745413
 0.0745375
 0.0742846
 0.0742832
 0.0739363
 0.0739219
 0.0733958
 0.0733899
 0.0732902
 0.0732884
 0.0727564
 0.0727461
 0.0722084
 0.0722082
 0.0721118
 0.0721108
 0.0720847
 0.0720769
 0.0719909
 0.0719870
 0.0711480
 0.0711471
 0.0699636
 0.0699567
 0.0694511
 0.0694502
 0.0693716
 0.0693701
 0.0686654
 0.0686593
 0.0681564
 0.0681549
 0.0676602
 0.0676523
 0.0675192
 0.0675039
 0.0664815
 0.0664749
 0.0664218
 0.0664189
 0.0658476
 0.0658460
 0.0656180
 0.0656141
 0.0648656
 0.0648637
 0.0646659
 0.0646619
 0.0646239
 0.0646131
 0.0643300
 0.0643288
 0.0638397
 0.0638389
 0.0637184
 0.0637164
 0.0635630
 0.0635616
 0.0632694
 0.0632644
 0.0627169
 0.0627165
 0.0625525
 0.0625517
 0.0622041
 0.0622014
 0.0621165
 0.0621154
 0.0620534
 0.0620503
 0.0619254
 0.0619181
 0.0616002
 0.0615983
 0.0615888
 0.0615861
 0.0615453
 0.0615450
 0.0612789
 0.0612735
 0.0611323
 0.0611313
 0.0610591
 0.0610589
 0.0609822
 0.0609809
 0.0608021
 0.0608000
 0.0606186
 0.0606157
 0.0605800
 0.0605788
 0.0604371
 0.0604277
 0.0602811
 0.0602793
 0.0601556
 0.0601529
 0.0599798
 0.0599785
 0.0599072
 0.0599069
 0.0597087
 0.0597049
 0.0594121
 0.0594015
 0.0589976
 0.0589935
 0.0589732
 0.0589705
 0.0588919
 0.0588869
 0.0583590
 0.0583548
 0.0580480
 0.0580474
 0.0575992
 0.0575974
 0.0567044
 0.0566976
 0.0562604
 0.0562581
 0.0555660
 0.0555560
 0.0552651
 0.0552599
 0.0551671
 0.0551651
 0.0550073
 0.0550055
 0.0547845
 0.0547805
 0.0545929
 0.0545881
 0.0545570
 0.0545543
 0.0543627
 0.0543591
 0.0543237
 0.0543226
 0.0539121
 0.0539108
 0.0539042
 0.0538992
 0.0536362
 0.0536319
 0.0535811
 0.0535792
 0.0533920
 0.0533899
 0.0530471
 0.0530417
 0.0525772
 0.0525737
 0.0525048
 0.0524992
 0.0520623
 0.0520606
 0.0515998
 0.0515976
 0.0514409
 0.0514307
 0.0510441
 0.0510407
 0.0505840
 0.0505829
 0.0501673
 0.0501661
 0.0501626
 0.0501620
 0.0501431
 0.0501373
 0.0500619
 0.0500616
 0.0487521
 0.0487517
 0.0485873
 0.0485859
 0.0482993
 0.0482938
 0.0480018
 0.0479968
 0.0478871
 0.0478858
 0.0474251
 0.0474235
 0.0474216
 0.0474120
 0.0472630
 0.0472628
 0.0472017
 0.0471878
 0.0470837
 0.0470810
 0.0461767
 0.0461763
 0.0460592
 0.0460554
 0.0459601
 0.0459597
 0.0459285
 0.0459259
 0.0458308
 0.0458295
 0.0456561
 0.0456540
 0.0456374
 0.0456368
 0.0455864
 0.0455860
 0.0455717
 0.0455686
 0.0454011
 0.0453996
 0.0453433
 0.0453361
 0.0453330
 0.0453327
 0.0451919
 0.0451898
 0.0447887
 0.0447778
 0.0445472
 0.0445466
 0.0443520
 0.0443518
 0.0437359
 0.0437353
 0.0436129
 0.0436123
 0.0433240
 0.0433191
 0.0432471
 0.0432394
 0.0430324
 0.0430287
 0.0428035
 0.0428016
 0.0427196
 0.0427178
 0.0427160
 0.0427150
 0.0425431
 0.0425381
 0.0425136
 0.0425035
 0.0422040
 0.0421958
 0.0410644
 0.0410640
 0.0408751
 0.0408710
 0.0406943
 0.0406884
 0.0404463
 0.0404450
 0.0404105
 0.0404084
 0.0403983
 0.0403971
 0.0402901
 0.0402760
 0.0400195
 0.0400177
 0.0399614
 0.0399602
 0.0397469
 0.0397440
 0.0395197
 0.0395194
 0.0390943
 0.0390934
 0.0390558
 0.0390491
 0.0387998
 0.0387957
 0.0384604
 0.0384590
 0.0383036
 0.0382971
 0.0382884
 0.0382839
 0.0379085
 0.0379080
 0.0378067
 0.0378063
 0.0377538
 0.0377483
 0.0377443
 0.0377441
 0.0376371
 0.0376292
 0.0374924
 0.0374908
 0.0374571
 0.0374521
 0.0371693
 0.0371692
 0.0371420
 0.0371342
 0.0366530
 0.0366474
 0.0365504
 0.0365458
 0.0365392
 0.0365344
 0.0364716
 0.0364696
 0.0361733
 0.0361709
 0.0360791
 0.0360788
 0.0357553
 0.0357541
 0.0357454
 0.0357338
 0.0357125
 0.0357112
 0.0353154
 0.0353092
 0.0351247
 0.0351227
 0.0350308
 0.0350301
 0.0347949
 0.0347865
 0.0347016
 0.0347015
 0.0345686
 0.0345674
 0.0344557
 0.0344549
 0.0343942
 0.0343922
 0.0340901
 0.0340854
 0.0334811
 0.0334774
 0.0329556
 0.0329532
 0.0328961
 0.0328923
 0.0325520
 0.0325468
 0.0324865
 0.0324863
 0.0322493
 0.0322480
 0.0321233
 0.0321104
 0.0318545
 0.0318513
 0.0315964
 0.0315958
 0.0313793
 0.0313773
 0.0310114
 0.0310089
 0.0298996
 0.0298955
 0.0295654
 0.0295651
 0.0293353
 0.0293316
 0.0289943
 0.0289932
 0.0286305
 0.0286290
 0.0286197
 0.0286193
 0.0285918
 0.0285860
 0.0285840
 0.0285838
 0.0280973
 0.0280969
 0.0277751
 0.0277720
 0.0274278
 0.0274219
 0.0274035
 0.0274028
 0.0271208
 0.0271108
 0.0270099
 0.0269968
 0.0266488
 0.0266480
 0.0265686
 0.0265659
 0.0262722
 0.0262717
 0.0260780
 0.0260618
 0.0256569
 0.0256506
 0.0255570
 0.0255564
 0.0254871
 0.0254869
 0.0253843
 0.0253742
 0.0252117
 0.0252074
 0.0251014
 0.0250972
 0.0248107
 0.0248055
 0.0244487
 0.0244474
 0.0241651
 0.0241544
 0.0239595
 0.0239564
 0.0237979
 0.0237953
 0.0236733
 0.0236717
 0.0235366
 0.0235346
 0.0235194
 0.0235183
 0.0232203
 0.0232202
 0.0231680
 0.0231676
 0.0230931
 0.0230919
 0.0228067
 0.0227957
 0.0227313
 0.0227307
 0.0221513
 0.0221512
 0.0210995
 0.0210994
 0.0210116
 0.0210114
 0.0207391
 0.0207345
 0.0204196
 0.0204179
 0.0202905
 0.0202838
 0.0202105
 0.0202069
 0.0199584
 0.0199571
 0.0197447
 0.0197446
 0.0195988
 0.0195964
 0.0194456
 0.0194428
 0.0194425
 0.0194418
 0.0194076
 0.0194045
 0.0190404
 0.0190395
 0.0189550
 0.0189513
 0.0186125
 0.0186109
 0.0185728
 0.0185670
 0.0184253
 0.0184141
 0.0180716
 0.0180708
 0.0180138
 0.0180029
 0.0179741
 0.0179708
 0.0178815
 0.0178742
 0.0174252
 0.0174237
 0.0174203
 0.0174094
 0.0170845
 0.0170800
 0.0169727
 0.0169689
 0.0168146
 0.0168144
 0.0158601
 0.0158591
 0.0158109
 0.0158080
 0.0158010
 0.0157987
 0.0155662
 0.0155641
 0.0152286
 0.0152255
 0.0151552
 0.0151517
 0.0149616
 0.0149584
 0.0149320
 0.0149316
 0.0148353
 0.0148313
 0.0147682
 0.0147667
 0.0138431
 0.0138406
 0.0138032
 0.0138019
 0.0135497
 0.0135417
 0.0134759
 0.0134751
 0.0132138
 0.0132098
 0.0129790
 0.0129685
 0.0129477
 0.0129379
 0.0127402
 0.0127347
 0.0120918
 0.0120862
 0.0118613
 0.0118576
 0.0116750
 0.0116719
 0.0115926
 0.0115923
 0.0115394
 0.0115368
 0.0111759
 0.0111724
 0.0111715
 0.0111704
 0.0110321
 0.0110259
 0.0108848
 0.0108838
 0.0106900
 0.0106866
 0.0104125
 0.0104093
 0.0100826
 0.0100809
 0.0100243
 0.0100238
 0.0099313
 0.0099306
 0.0097553
 0.0097538
 0.0096650
 0.0096596
 0.0094547
 0.0094468
 0.0092865
 0.0092862
 0.0090027
 0.0090010
 0.0087981
 0.0087980
 0.0086588
 0.0086565
 0.0077179
 0.0077165
 0.0075852
 0.0075813
 0.0073661
 0.0073650
 0.0073643
 0.0073639
 0.0070722
 0.0070710
 0.0066061
 0.0066059
 0.0065112
 0.0065046
 0.0063560
 0.0063554
 0.0063522
 0.0063475
 0.0062042
 0.0061969
 0.0059522
 0.0059396
 0.0053725
 0.0053689
 0.0053562
 0.0053502
 0.0051907
 0.0051900
 0.0051351
 0.0051284
 0.0049015
 0.0048971
 0.0047712
 0.0047694
 0.0046852
 0.0046823
 0.0045780
 0.0045750
 0.0045044
 0.0044982
 0.0042810
 0.0042773
 0.0042293
 0.0042261
 0.0039366
 0.0039365
 0.0036022
 0.0035968
 0.0034367
 0.0034334
 0.0032090
 0.0032052
 0.0031330
 0.0031307
 0.0027887
 0.0027876
 0.0027082
 0.0027031
 0.0026479
 0.0026463
 0.0019215
 0.0019182
 0.0015074
 0.0015053
 0.0014611
 0.0014596
 0.0014416
 0.0014326
 0.0013929
 0.0013927
 0.0013607
 0.0013574
 0.0013455
 0.0013423
 0.0011728
 0.0011699
 0.0011246
 0.0011221
 0.0010284
 0.0010256
 0.0007091
 0.0007028
 0.0000410
 0.0000384
-0.0000910
-0.0000938
-0.0008613
-0.0008669
-0.0009976
-0.0010063
-0.0010749
-0.0010846
-0.0019064
-0.0019129
-0.0019475
-0.0019488
-0.0019648
-0.0019657
-0.0023754
-0.0023756
-0.0024009
-0.0024100
-0.0024164
-0.0024195
-0.0024878
-0.0024896
-0.0027427
-0.0027471
-0.0029437
-0.0029450
-0.0029852
-0.0029862
-0.0036151
-0.0036167
-0.0038442
-0.0038462
-0.0038850
-0.0038857
-0.0040364
-0.0040396
-0.0041113
-0.0041130
-0.0043959
-0.0043988
-0.0045039
-0.0045040
-0.0046885
-0.0046911
-0.0047427
-0.0047474
-0.0049260
-0.0049271
-0.0051064
-0.0051076
-0.0059187
-0.0059231
-0.0060735
-0.0060780
-0.0062331
-0.0062379
-0.0062602
-0.0062638
-0.0062832
-0.0062851
-0.0063463
-0.0063532
-0.0064713
-0.0064756
-0.0066415
-0.0066417
-0.0070085
-0.0070087
-0.0070159
-0.0070167
-0.0070381
-0.0070473
-0.0071832
-0.0071884
-0.0074139
-0.0074147
-0.0074602
-0.0074759
-0.0074891
-0.0074967
-0.0078930
-0.0079105
-0.0083136
-0.0083182
-0.0089517
-0.0089542
-0.0089678
-0.0089701
-0.0095361
-0.0095364
-0.0097427
-0.0097470
-0.0100764
-0.0100799
-0.0102955
-0.0102991
-0.0103230
-0.0103241
-0.0104635
-0.0104645
-0.0108186
-0.0108226
-0.0108589
-0.0108602
-0.0109373
-0.0109411
-0.0117517
-0.0117522
-0.0118714
-0.0118719
-0.0124496
-0.0124550
-0.0124655
-0.0124681
-0.0124943
-0.0125020
-0.0135064
-0.0135096
-0.0139510
-0.0139542
-0.0142006
-0.0142010
-0.0143646
-0.0143717
-0.0143799
-0.0143967
-0.0144395
-0.0144398
-0.0151294
-0.0151433
-0.0151439
-0.0151478
-0.0152769
-0.0152777
-0.0154685
-0.0154756
-0.0157272
-0.0157327
-0.0160515
-0.0160563
-0.0164948
-0.0164957
-0.0166603
-0.0166609
-0.0174600
-0.0174632
-0.0176919
-0.0176926
-0.0178272
-0.0178274
-0.0180945
-0.0181099
-0.0188984
-0.0189086
-0.0189828
-0.0189849
-0.0190119
-0.0190123
-0.0190321
-0.0190337
-0.0192265
-0.0192336
-0.0195436
-0.0195489
-0.0195953
-0.0195954
-0.0197582
-0.0197615
-0.0198161
-0.0198242
-0.0202676
-0.0202691
-0.0205743
-0.0205841
-0.0209895
-0.0209919
-0.0210417
-0.0210433
-0.0215009
-0.0215065
-0.0217460
-0.0217475
-0.0218337
-0.0218338
-0.0222068
-0.0222109
-0.0222325
-0.0222326
-0.0223386
-0.0223397
-0.0225589
-0.0225675
-0.0225833
-0.0225836
-0.0226362
-0.0226364
-0.0228399
-0.0228426
-0.0230808
-0.0230811
-0.0233344
-0.0233357
-0.0234565
-0.0234578
-0.0236493
-0.0236531
-0.0239438
-0.0239442
-0.0241000
-0.0241013
-0.0242418
-0.0242442
-0.0243902
-0.0243904
-0.0245821
-0.0245848
-0.0247152
-0.0247177
-0.0247235
-0.0247238
-0.0248405
-0.0248446
-0.0249316
-0.0249325
-0.0261170
-0.0261283
-0.0262895
-0.0263042
-0.0263538
-0.0263547
-0.0265713
-0.0265733
-0.0266059
-0.0266085
-0.0267521
-0.0267542
-0.0273706
-0.0273741
-0.0282593
-0.0282595
-0.0286830
-0.0286912
-0.0292886
-0.0292900
-0.0293192
-0.0293242
-0.0295572
-0.0295606
-0.0300685
-0.0300687
-0.0304535
-0.0304540
-0.0314479
-0.0314561
-0.0314848
-0.0314870
-0.0316315
-0.0316434
-0.0317462
-0.0317476
-0.0321088
-0.0321138
-0.0327296
-0.0327345
-0.0329990
-0.0330017
-0.0337343
-0.0337355
-0.0341751
-0.0341765
-0.0352952
-0.0352969
-0.0356444
-0.0356472
-0.0359186
-0.0359268
-0.0363489
-0.0363548
-0.0363582
-0.0363691
-0.0364853
-0.0364868
-0.0365116
-0.0365136
-0.0367109
-0.0367167
-0.0369599
-0.0369611
-0.0374061
-0.0374127
-0.0374433
-0.0374463
-0.0375154
-0.0375168
-0.0379539
-0.0379576
-0.0379827
-0.0379857
-0.0381366
-0.0381395
-0.0383549
-0.0383695
-0.0391710
-0.0391718
-0.0394655
-0.0394702
-0.0403222
-0.0403269
-0.0407943
-0.0408047
-0.0414634
-0.0414655
-0.0422128
-0.0422129
-0.0429159
-0.0429263
-0.0431552
-0.0431556
-0.0439419
-0.0439425
-0.0441995
-0.0442009
-0.0448035
-0.0448096
-0.0448784
-0.0448818
-0.0456579
-0.0456587
-0.0461798
-0.0461865
-0.0462383
-0.0462414
-0.0463165
-0.0463189
-0.0465872
-0.0465884
-0.0469807
-0.0469867
-0.0477093
-0.0477166
-0.0478321
-0.0478433
-0.0480931
-0.0481000
-0.0481413
-0.0481442
-0.0481584
-0.0481608
-0.0482441
-0.0482595
-0.0485488
-0.0485489
-0.0486454
-0.0486462
-0.0493361
-0.0493363
-0.0498865
-0.0498986
-0.0500686
-0.0500711
-0.0503466
-0.0503523
-0.0511068
-0.0511081
-0.0513303
-0.0513457
-0.0523007
-0.0523026
-0.0529962
-0.0530000
-0.0534095
-0.0534117
-0.0537065
-0.0537117
-0.0540678
-0.0540699
-0.0548473
-0.0548574
-0.0549678
-0.0549694
-0.0553817
-0.0553930
-0.0555356
-0.0555391
-0.0556569
-0.0556573
-0.0556771
-0.0556843
-0.0568644
-0.0568709
-0.0569121
-0.0569147
-0.0574366
-0.0574371
-0.0574896
-0.0574983
-0.0583167
-0.0583217
-0.0590110
-0.0590179
-0.0616243
-0.0616257
-0.0626967
-0.0626999
-0.0633906
-0.0633919
-0.0635888
-0.0635906
-0.0640731
-0.0640753
-0.0656447
-0.0656465
-0.0658336
-0.0658437
-0.0663305
-0.0663357
-0.0663714
-0.0663734
-0.0674993
-0.0675127
-0.0687880
-0.0687993
-0.0688118
-0.0688125
-0.0696410
-0.0696424
-0.0719880
-0.0719972
-0.0746135
-0.0746167
-0.0760886
-0.0760904
-0.0765384
-0.0765435
-0.0766490
-0.0766554
-0.0767504
-0.0767505
-0.0769826
-0.0769846
-0.0771218
-0.0771317
-0.0780810
-0.0781117
-0.0793113
-0.0793163
-0.0795474
-0.0795532
-0.0807446
-0.0807483
-0.0809857
-0.0809956
-0.0816311
-0.0816330
-0.0818827
-0.0818837
-0.0863734
-0.0863756
-0.0894800
-0.0894887
-0.0938652
-0.0938709
-0.0977991
-0.0978036
-0.0980328
-0.0980464
-0.0989988
-0.0990035
-0.1014454
-0.1014589
-0.1029749
-0.1029752
-0.1182782
-0.1182884
-0.1194701
-0.1194967
-0.1217470
-0.1217565
-0.1292801
-0.1293034
-0.1314507
-0.1314577
-0.1358995
-0.1359306
-0.3226066
